ITEM	X	Y
1	0	540.832275
2	0.002	539.796509
3	0.004	539.538696
4	0.006	539.266907
5	0.008	540.057312
6	0.01	540.308472
7	0.012	540.037598
8	0.014	539.788696
9	0.016	540.567932
10	0.018	539.793579
11	0.02	540.039185
12	0.022	540.307129
13	0.024	540.050476
14	0.026	541.092712
15	0.028	540.561401
16	0.03	540.574463
17	0.032	540.583496
18	0.034	541.34668
19	0.036	541.094788
20	0.038	541.085938
21	0.04	541.3526
22	0.042	541.347656
23	0.044	540.820984
24	0.046	541.095032
25	0.048	541.354614
26	0.05	541.086243
27	0.052	540.834839
28	0.054	540.830444
29	0.056	540.323669
30	0.058	540.567017
31	0.06	540.30835
32	0.062	540.044067
33	0.064	539.784058
34	0.066	539.53595
35	0.068	540.051025
36	0.07	539.267822
37	0.072	540.039551
38	0.074	539.262817
39	0.076	539.518555
40	0.078	540.043945
41	0.08	539.7854
42	0.082	540.306824
43	0.084	540.300293
44	0.086	540.035034
45	0.088	540.559937
46	0.09	540.05542
47	0.092	539.783325
48	0.094	540.305359
49	0.096	540.308716
50	0.098	539.788208
51	0.1	540.045166
52	0.102	540.043823
53	0.104	540.305298
54	0.106	540.817139
55	0.108	540.038635
56	0.11	540.562134
57	0.112	540.295837
58	0.114	539.792847
59	0.116	540.560669
60	0.118	540.564331
61	0.12	540.57019
62	0.122	540.82666
63	0.124	540.828125
64	0.126	540.83313
65	0.128	540.575867
66	0.13	540.5578
67	0.132	540.566406
68	0.134	539.786743
69	0.136	540.316895
70	0.138	540.828125
71	0.14	539.7771
72	0.142	540.047852
73	0.144	539.536682
74	0.146	539.783875
75	0.148	540.302979
76	0.15	540.036926
77	0.152	540.572937
78	0.154	540.306824
79	0.156	540.555359
80	0.158	540.033325
81	0.16	539.782593
82	0.162	541.083862
83	0.164	540.296631
84	0.166	540.301086
85	0.168	540.299072
86	0.17	540.811646
87	0.172	540.033752
88	0.174	540.554077
89	0.176	540.806396
90	0.178	540.550964
91	0.18	540.807312
92	0.182	540.536133
93	0.184	540.811035
94	0.186	541.588135
95	0.188	540.550415
96	0.19	540.293945
97	0.192	540.029053
98	0.194	540.020691
99	0.196	540.532288
100	0.198	540.80188
101	0.2	540.792847
102	0.202	539.482178
103	0.204	540.533203
104	0.206	540.004883
105	0.208	539.49585
106	0.21	540.014893
107	0.212	540.004883
108	0.214	540.008179
109	0.216	540.276611
110	0.218	540.004944
111	0.22	540.268921
112	0.222	540.526733
113	0.224	539.482544
114	0.226	540.005615
115	0.228	539.737305
116	0.23	540.26123
117	0.232	540.524231
118	0.234	539.744019
119	0.236	540.254639
120	0.238	540.520142
121	0.24	539.736328
122	0.242	540.779419
123	0.244	539.992065
124	0.246	539.722839
125	0.248	540.255493
126	0.25	540.518372
127	0.252	539.47583
128	0.254	539.728638
129	0.256	539.98645
130	0.258	540.254395
131	0.26	540.253784
132	0.262	540.501587
133	0.264	540.506226
134	0.266	540.243225
135	0.268	540.501831
136	0.27	540.51062
137	0.272	539.984192
138	0.274	540.77417
139	0.276	540.763855
140	0.278	541.037659
141	0.28	541.0271
142	0.282	540.763
143	0.284	539.720215
144	0.286	540.245361
145	0.288	540.246521
146	0.29	539.466431
147	0.292	541.03125
148	0.294	541.036499
149	0.296	540.504883
150	0.298	540.251221
151	0.3	539.460938
152	0.302	539.721069
153	0.304	539.720337
154	0.306	539.980957
155	0.308	539.973022
156	0.31	540.234985
157	0.312	540.230835
158	0.314	540.761597
159	0.316	541.017944
160	0.318	540.752686
161	0.32	541.010864
162	0.322	541.009705
163	0.324	541.281372
164	0.326	541.527649
165	0.328	541.007263
166	0.33	540.750061
167	0.332	541.014526
168	0.334	540.227417
169	0.336	540.225647
170	0.338	540.48584
171	0.34	540.482666
172	0.342	540.490967
173	0.344	539.9646
174	0.346	539.710327
175	0.348	541.269287
176	0.35	540.219849
177	0.352	541.266113
178	0.354	540.742798
179	0.356	539.964722
180	0.358	540.744263
181	0.36	540.494995
182	0.362	540.752197
183	0.364	540.231934
184	0.366	540.219238
185	0.368	540.227417
186	0.37	540.995972
187	0.372	540.224854
188	0.374	540.737793
189	0.376	539.951233
190	0.378	540.479248
191	0.38	540.479797
192	0.382	540.990295
193	0.384	540.72467
194	0.386	540.734497
195	0.388	540.21405
196	0.39	540.473022
197	0.392	540.467712
198	0.394	540.993347
199	0.396	540.722168
200	0.398	541.503784
201	0.4	540.730103
202	0.402	541.251953
203	0.404	540.462708
204	0.406	540.976318
205	0.408	541.488403
206	0.41	540.708191
207	0.412	541.488525
208	0.414	540.978149
209	0.416	540.7146
210	0.418	540.195923
211	0.42	540.967163
212	0.422	541.231445
213	0.424	540.968384
214	0.426	541.231873
215	0.428	540.965454
216	0.43	540.704041
217	0.432	540.957581
218	0.434	540.692688
219	0.436	540.970459
220	0.438	540.438965
221	0.44	540.435669
222	0.442	541.213928
223	0.444	540.436279
224	0.446	540.173767
225	0.448	539.917908
226	0.45	540.697327
227	0.452	539.91272
228	0.454	539.130005
229	0.456	539.646057
230	0.458	538.873047
231	0.46	539.651611
232	0.462	539.902405
233	0.464	539.904053
234	0.466	539.384399
235	0.468	540.693542
236	0.47	539.635742
237	0.472	539.643005
238	0.474	538.852539
239	0.476	539.634277
240	0.478	539.898071
241	0.48	540.157593
242	0.482	539.901123
243	0.484	540.682373
244	0.486	540.40509
245	0.488	539.886475
246	0.49	539.366089
247	0.492	539.885864
248	0.494	540.143433
249	0.496	540.151855
250	0.498	540.396118
251	0.5	539.881714
252	0.502	541.193665
253	0.504	540.678955
254	0.506	540.671875
255	0.508	540.419678
256	0.51	540.401001
257	0.512	539.895569
258	0.514	540.152466
259	0.516	540.16272
260	0.518	540.417847
261	0.52	540.682739
262	0.522	540.168457
263	0.524	539.119019
264	0.526	539.636475
265	0.528	539.902527
266	0.53	540.162842
267	0.532	539.642334
268	0.534	540.164917
269	0.536	540.42041
270	0.538	539.39032
271	0.54	539.906616
272	0.542	539.646118
273	0.544	539.65625
274	0.546	539.644531
275	0.548	540.169678
276	0.55	539.646057
277	0.552	540.417725
278	0.554	539.90332
279	0.556	540.157593
280	0.558	540.429504
281	0.56	541.209534
282	0.562	539.89978
283	0.564	540.172729
284	0.566	540.956909
285	0.568	540.955811
286	0.57	540.42627
287	0.572	540.688904
288	0.574	540.701172
289	0.576	539.915161
290	0.578	539.919556
291	0.58	540.171387
292	0.582	539.662598
293	0.584	540.182007
294	0.586	539.90918
295	0.588	540.457825
296	0.59	539.924194
297	0.592	539.147461
298	0.594	539.661072
299	0.596	539.661072
300	0.598	539.91449
301	0.6	538.875488
302	0.602	539.935669
303	0.604	540.207153
304	0.606	539.93396
305	0.608	539.145996
306	0.61	539.14856
307	0.612	539.6745
308	0.614	539.674988
309	0.616	539.157776
310	0.618	538.89563
311	0.62	539.680847
312	0.622	539.664063
313	0.624	539.946899
314	0.626	539.156372
315	0.628	539.682617
316	0.63	539.42334
317	0.632	539.166138
318	0.634	539.421082
319	0.636	539.432739
320	0.638	540.194458
321	0.64	539.673157
322	0.642	539.930969
323	0.644	538.893799
324	0.646	539.931946
325	0.648	539.417358
326	0.65	538.888916
327	0.652	539.412964
328	0.654	539.159241
329	0.656	540.191772
330	0.658	539.412964
331	0.66	539.936646
332	0.662	539.142822
333	0.664	539.152344
334	0.666	539.928345
335	0.668	540.195313
336	0.67	539.947449
337	0.672	540.192932
338	0.674	540.463684
339	0.676	539.94104
340	0.678	540.200195
341	0.68	540.199463
342	0.682	539.143372
343	0.684	539.668518
344	0.686	539.664001
345	0.688	539.398621
346	0.69	540.182007
347	0.692	540.698792
348	0.694	540.967163
349	0.696	540.712769
350	0.698	540.173767
351	0.7	539.925537
352	0.702	540.705078
353	0.704	540.701294
354	0.706	540.964111
355	0.708	540.182983
356	0.71	541.229614
357	0.712	540.699585
358	0.714	540.955566
359	0.716	540.691162
360	0.718	541.214783
361	0.72	540.957336
362	0.722	540.957642
363	0.724	540.691284
364	0.726	540.697266
365	0.728	541.74231
366	0.73	541.475403
367	0.732	541.480591
368	0.734	541.728455
369	0.736	541.723999
370	0.738	541.216431
371	0.74	541.204834
372	0.742	541.474121
373	0.744	541.208862
374	0.746	540.695129
375	0.748	540.695129
376	0.75	540.432312
377	0.752	539.914307
378	0.754	540.169434
379	0.756	540.160339
380	0.758	539.905823
381	0.76	539.904785
382	0.762	540.693726
383	0.764	541.464294
384	0.766	541.993042
385	0.768	540.681824
386	0.77	540.941284
387	0.772	541.472168
388	0.774	542.244751
389	0.776	540.947388
390	0.778	540.949463
391	0.78	541.454773
392	0.782	540.939453
393	0.784	541.987061
394	0.786	541.708496
395	0.788	541.985657
396	0.79	542.240845
397	0.792	541.456055
398	0.794	541.722168
399	0.796	541.1922
400	0.798	541.199524
401	0.8	541.45636
402	0.802	541.45105
403	0.804	541.456177
404	0.806	541.200317
405	0.808	541.449707
406	0.81	540.932678
407	0.812	541.194214
408	0.814	540.93689
409	0.816	540.929199
410	0.818	540.408081
411	0.82	541.194763
412	0.822	540.153809
413	0.824	540.405457
414	0.826	540.147949
415	0.828	540.413208
416	0.83	540.936279
417	0.832	540.153809
418	0.834	540.92572
419	0.836	540.923584
420	0.838	540.414185
421	0.84	539.883606
422	0.842	539.888916
423	0.844	539.627441
424	0.846	540.151733
425	0.848	539.627808
426	0.85	539.889526
427	0.852	540.147888
428	0.854	539.885376
429	0.856	539.885132
430	0.858	539.62262
431	0.86	539.373291
432	0.862	539.883057
433	0.864	539.357544
434	0.866	540.139038
435	0.868	540.14209
436	0.87	539.624268
437	0.872	540.153076
438	0.874	539.878662
439	0.876	539.104248
440	0.878	539.096313
441	0.88	539.367065
442	0.882	539.366333
443	0.884	539.618652
444	0.886	540.158813
445	0.888	539.105652
446	0.89	539.112244
447	0.892	540.154968
448	0.894	539.630615
449	0.896	540.148438
450	0.898	539.890137
451	0.9	539.622864
452	0.902	539.372437
453	0.904	539.627808
454	0.906	539.617432
455	0.908	539.355347
456	0.91	539.362793
457	0.912	540.144348
458	0.914	539.874512
459	0.916	540.670898
460	0.918	540.140869
461	0.92	539.878662
462	0.922	540.666138
463	0.924	540.141235
464	0.926	541.185059
465	0.928	540.411987
466	0.93	540.661499
467	0.932	539.894531
468	0.934	540.404297
469	0.936	540.403809
470	0.938	540.921631
471	0.94	540.667175
472	0.942	540.150635
473	0.944	540.406372
474	0.946	539.890991
475	0.948	540.150391
476	0.95	540.402527
477	0.952	540.408203
478	0.954	540.153931
479	0.956	540.145386
480	0.958	540.155029
481	0.96	540.146484
482	0.962	539.899292
483	0.964	539.636597
484	0.966	540.409363
485	0.968	540.678101
486	0.97	540.407104
487	0.972	540.402588
488	0.974	540.67395
489	0.976	540.670532
490	0.978	540.920776
491	0.98	541.189087
492	0.982	541.196411
493	0.984	540.926941
494	0.986	541.451294
495	0.988	541.187317
496	0.99	541.713013
497	0.992	541.449524
498	0.994	541.449463
499	0.996	541.199463
500	0.998	541.97168
501	1	541.719971
502	1.002	541.976746
503	1.004	541.977295
504	1.006	541.44751
505	1.008	541.205566
506	1.01	541.723877
507	1.012	541.461975
508	1.014	541.463074
509	1.016	541.45929
510	1.018	540.943359
511	1.02	541.195557
512	1.022	541.4599
513	1.024	540.942261
514	1.026	540.695435
515	1.028	541.188843
516	1.03	540.948853
517	1.032	540.156006
518	1.034	540.166626
519	1.036	540.170227
520	1.038	539.910889
521	1.04	540.168457
522	1.042	539.65686
523	1.044	540.17572
524	1.046	539.387512
525	1.048	539.130615
526	1.05	539.390259
527	1.052	539.656372
528	1.054	540.175903
529	1.056	540.443604
530	1.058	539.389526
531	1.06	540.17981
532	1.062	539.397583
533	1.064	539.6604
534	1.066	538.356567
535	1.068	538.361206
536	1.07	539.127075
537	1.072	539.399536
538	1.074	539.145569
539	1.076	538.889282
540	1.078	539.135254
541	1.08	538.877808
542	1.082	539.407898
543	1.084	539.153076
544	1.086	539.145874
545	1.088	538.616333
546	1.09	538.87915
547	1.092	538.627808
548	1.094	538.622559
549	1.096	539.911621
550	1.098	539.920166
551	1.1	539.391357
552	1.102	540.180054
553	1.104	538.352722
554	1.106	538.875061
555	1.108	539.141968
556	1.11	538.883972
557	1.112	539.142944
558	1.114	539.130859
559	1.116	539.4021
560	1.118	539.126343
561	1.12	539.412476
562	1.122	539.137268
563	1.124	539.661011
564	1.126	539.154114
565	1.128	539.925903
566	1.13	539.662415
567	1.132	540.17981
568	1.134	539.661987
569	1.136	540.448975
570	1.138	539.660156
571	1.14	539.149109
572	1.142	539.925171
573	1.144	539.934692
574	1.146	540.19397
575	1.148	539.660522
576	1.15	539.141235
577	1.152	540.443787
578	1.154	539.156372
579	1.156	539.674744
580	1.158	539.413147
581	1.16	539.157104
582	1.162	540.4552
583	1.164	540.193726
584	1.166	540.204224
585	1.168	540.970764
586	1.17	540.707886
587	1.172	540.452637
588	1.174	539.930908
589	1.176	540.452637
590	1.178	540.202515
591	1.18	539.680176
592	1.182	539.946411
593	1.184	539.686646
594	1.186	539.947021
595	1.188	541.239746
596	1.19	540.453918
597	1.192	540.726318
598	1.194	540.460388
599	1.196	540.714111
600	1.198	541.511108
601	1.2	541.239014
602	1.202	541.245544
603	1.204	540.462952
604	1.206	540.977661
605	1.208	540.454529
606	1.21	540.972656
607	1.212	540.197693
608	1.214	540.973145
609	1.216	541.500488
610	1.218	541.24646
611	1.22	540.981567
612	1.222	540.203918
613	1.224	540.454102
614	1.226	540.720093
615	1.228	541.237305
616	1.23	540.729248
617	1.232	540.726196
618	1.234	541.502075
619	1.236	541.245728
620	1.238	540.991211
621	1.24	541.776733
622	1.242	541.77533
623	1.244	540.479065
624	1.246	540.994629
625	1.248	540.988464
626	1.25	541.256348
627	1.252	540.486389
628	1.254	540.490845
629	1.256	539.959961
630	1.258	539.958374
631	1.26	540.218872
632	1.262	540.213623
633	1.264	539.956665
634	1.266	539.708862
635	1.268	539.186401
636	1.27	539.967163
637	1.272	539.703674
638	1.274	538.66864
639	1.276	538.402954
640	1.278	538.924194
641	1.28	539.192871
642	1.282	539.19165
643	1.284	538.142578
644	1.286	539.711487
645	1.288	539.7005
646	1.29	539.440063
647	1.292	539.705383
648	1.294	539.447144
649	1.296	539.434204
650	1.298	539.180664
651	1.3	539.452393
652	1.302	538.918823
653	1.304	539.454651
654	1.306	539.959106
655	1.308	539.441895
656	1.31	539.951965
657	1.312	539.4375
658	1.314	539.444519
659	1.316	539.17981
660	1.318	540.228638
661	1.32	539.171692
662	1.322	539.42688
663	1.324	540.219482
664	1.326	540.479858
665	1.328	540.73761
666	1.33	540.733521
667	1.332	541.26062
668	1.334	540.743164
669	1.336	540.738159
670	1.338	540.734741
671	1.34	540.473511
672	1.342	540.216309
673	1.344	540.74231
674	1.346	540.747009
675	1.348	540.749756
676	1.35	539.975952
677	1.352	540.486206
678	1.354	539.968872
679	1.356	540.218262
680	1.358	541.527771
681	1.36	542.049072
682	1.362	541.279846
683	1.364	541.28125
684	1.366	540.743164
685	1.368	540.490845
686	1.37	540.745239
687	1.372	540.220947
688	1.374	540.738525
689	1.376	541.260498
690	1.378	540.74054
691	1.38	540.223145
692	1.382	539.959351
693	1.384	539.952881
694	1.386	540.729004
695	1.388	540.464417
696	1.39	540.215088
697	1.392	540.464417
698	1.394	540.466125
699	1.396	540.728516
700	1.398	540.994995
701	1.4	540.208618
702	1.402	540.735229
703	1.404	540.478882
704	1.406	540.202393
705	1.408	540.998779
706	1.41	541.518677
707	1.412	540.194946
708	1.414	540.737305
709	1.416	539.955811
710	1.418	539.435913
711	1.42	540.728394
712	1.422	539.949829
713	1.424	540.213135
714	1.426	540.2099
715	1.428	540.207336
716	1.43	540.740601
717	1.432	541.004028
718	1.434	540.73938
719	1.436	540.999023
720	1.438	540.22583
721	1.44	540.995239
722	1.442	540.73761
723	1.444	540.473877
724	1.446	540.74054
725	1.448	540.471436
726	1.45	541.252563
727	1.452	540.472107
728	1.454	540.479553
729	1.456	541.005798
730	1.458	539.69458
731	1.46	540.215576
732	1.462	540.484436
733	1.464	540.992554
734	1.466	541.516846
735	1.468	540.998169
736	1.47	541.792969
737	1.472	540.218689
738	1.474	540.991516
739	1.476	540.991272
740	1.478	541.255615
741	1.48	540.482666
742	1.482	540.997192
743	1.484	541.521973
744	1.486	541.520203
745	1.488	542.036194
746	1.49	541.774658
747	1.492	541.256104
748	1.494	541.792969
749	1.496	541.26532
750	1.498	541.516113
751	1.5	541.264648
752	1.502	541.522583
753	1.504	542.30896
754	1.506	541.013916
755	1.508	541.533325
756	1.51	540.750854
757	1.512	540.749023
758	1.514	540.251343
759	1.516	540.489502
760	1.518	539.461426
761	1.52	540.495728
762	1.522	539.710938
763	1.524	540.770874
764	1.526	540.488647
765	1.528	540.496765
766	1.53	541.280029
767	1.532	539.97229
768	1.534	540.248047
769	1.536	539.710266
770	1.538	538.921082
771	1.54	539.980835
772	1.542	539.976196
773	1.544	540.769043
774	1.546	539.457031
775	1.548	539.705017
776	1.55	539.721863
777	1.552	539.200073
778	1.554	539.454346
779	1.556	539.715332
780	1.558	540.235046
781	1.56	540.502747
782	1.562	539.703003
783	1.564	540.230469
784	1.566	540.486877
785	1.568	540.492126
786	1.57	539.704834
787	1.572	540.487488
788	1.574	540.742432
789	1.576	540.749146
790	1.578	540.741455
791	1.58	539.968262
792	1.582	539.946533
793	1.584	539.955566
794	1.586	541.008179
795	1.588	540.742065
796	1.59	539.951782
797	1.592	540.745361
798	1.594	540.741455
799	1.596	540.747681
800	1.598	540.734253
801	1.6	539.700195
802	1.602	539.958618
803	1.604	540.484924
804	1.606	540.731567
805	1.608	539.689941
806	1.61	540.99176
807	1.612	540.466675
808	1.614	539.693726
809	1.616	539.69397
810	1.618	539.423767
811	1.62	539.940063
812	1.622	540.205505
813	1.624	539.431152
814	1.626	539.683411
815	1.628	540.195801
816	1.63	539.680908
817	1.632	539.676025
818	1.634	539.676025
819	1.636	539.406494
820	1.638	539.931519
821	1.64	539.931946
822	1.642	539.918579
823	1.644	540.184631
824	1.646	539.653076
825	1.648	539.656982
826	1.65	539.396118
827	1.652	539.913574
828	1.654	539.910828
829	1.656	539.133911
830	1.658	540.173706
831	1.66	540.421814
832	1.662	539.118347
833	1.664	539.375488
834	1.666	540.4198
835	1.668	539.122375
836	1.67	539.895996
837	1.672	539.37561
838	1.674	540.157349
839	1.676	540.164063
840	1.678	540.158081
841	1.68	539.893921
842	1.682	539.629883
843	1.684	539.629333
844	1.686	539.640381
845	1.688	539.638184
846	1.69	539.890137
847	1.692	540.155518
848	1.694	539.635193
849	1.696	540.154175
850	1.698	539.897156
851	1.7	539.880981
852	1.702	539.879517
853	1.704	540.409424
854	1.706	540.411133
855	1.708	540.399719
856	1.71	540.397827
857	1.712	540.402588
858	1.714	540.402954
859	1.716	541.695068
860	1.718	540.908569
861	1.72	541.686768
862	1.722	541.437134
863	1.724	541.943359
864	1.726	541.433228
865	1.728	541.688293
866	1.73	541.957397
867	1.732	542.214355
868	1.734	541.697021
869	1.736	541.434448
870	1.738	541.69342
871	1.74	541.957397
872	1.742	541.177795
873	1.744	540.915161
874	1.746	541.955566
875	1.748	540.925049
876	1.75	541.441528
877	1.752	540.659241
878	1.754	540.390198
879	1.756	540.395142
880	1.758	540.650269
881	1.76	540.394775
882	1.762	539.874756
883	1.764	540.128113
884	1.766	540.394775
885	1.768	538.818115
886	1.77	539.339355
887	1.772	539.091309
888	1.774	539.343994
889	1.776	540.135132
890	1.778	539.865234
891	1.78	539.332886
892	1.782	539.865845
893	1.784	540.386292
894	1.786	539.083496
895	1.788	539.865234
896	1.79	540.380981
897	1.792	539.853638
898	1.794	539.863159
899	1.796	540.125977
900	1.798	540.130859
901	1.8	539.858643
902	1.802	540.633423
903	1.804	540.127014
904	1.806	540.125977
905	1.808	540.37854
906	1.81	540.632874
907	1.812	539.865234
908	1.814	540.893433
909	1.816	540.644958
910	1.818	540.114746
911	1.82	540.900391
912	1.822	540.129822
913	1.824	539.857666
914	1.826	539.592163
915	1.828	540.643127
916	1.83	540.390015
917	1.832	540.121948
918	1.834	539.859863
919	1.836	540.38147
920	1.838	539.855103
921	1.84	540.642456
922	1.842	539.340515
923	1.844	540.116028
924	1.846	540.37915
925	1.848	540.114014
926	1.85	540.124512
927	1.852	539.594116
928	1.854	539.851685
929	1.856	540.379639
930	1.858	540.112183
931	1.86	539.8573
932	1.862	539.33606
933	1.864	539.84375
934	1.866	539.070618
935	1.868	540.371826
936	1.87	539.591797
937	1.872	539.849731
938	1.874	539.858826
939	1.876	539.849609
940	1.878	539.327515
941	1.88	539.331299
942	1.882	539.85199
943	1.884	539.327271
944	1.886	538.81665
945	1.888	539.326355
946	1.89	539.594849
947	1.892	540.373047
948	1.894	539.598633
949	1.896	539.582764
950	1.898	540.095215
951	1.9	540.362671
952	1.902	540.355591
953	1.904	540.099854
954	1.906	540.883667
955	1.908	540.10022
956	1.91	540.884827
957	1.912	540.624268
958	1.914	539.845337
959	1.916	540.095215
960	1.918	540.881836
961	1.92	541.400146
962	1.922	541.918091
963	1.924	541.140015
964	1.926	541.403687
965	1.928	541.401123
966	1.93	541.64917
967	1.932	540.87146
968	1.934	541.137573
969	1.936	540.870178
970	1.938	540.876831
971	1.94	541.389526
972	1.942	540.876038
973	1.944	541.131714
974	1.946	540.611938
975	1.948	540.601379
976	1.95	540.613037
977	1.952	540.609192
978	1.954	541.390564
979	1.956	540.349121
980	1.958	540.084167
981	1.96	540.350159
982	1.962	540.332275
983	1.964	540.343872
984	1.966	540.333618
985	1.968	540.603882
986	1.97	540.34137
987	1.972	540.868164
988	1.974	541.120422
989	1.976	540.594177
990	1.978	540.594727
991	1.98	540.591919
992	1.982	541.389954
993	1.984	541.121338
994	1.986	541.381409
995	1.988	540.859253
996	1.99	541.121338
997	1.992	540.87085
998	1.994	540.857605
999	1.996	540.354248
1000	1.998	540.612305
1001	2	540.34137
1002	2.002	540.855835
1003	2.004	540.340454
1004	2.006	540.61438
1005	2.008	540.343079
1006	2.01	540.07959
1007	2.012	540.332153
1008	2.014	540.864258
1009	2.016	540.339722
1010	2.018	540.866272
1011	2.02	540.07959
1012	2.022	539.827026
1013	2.024	539.55542
1014	2.026	539.818542
1015	2.028	539.56311
1016	2.03	539.56543
1017	2.032	539.563721
1018	2.034	539.832947
1019	2.036	539.818848
1020	2.038	539.55188
1021	2.04	539.300232
1022	2.042	539.296997
1023	2.044	539.555176
1024	2.046	539.0354
1025	2.048	540.067932
1026	2.05	539.805176
1027	2.052	539.811401
1028	2.054	539.809631
1029	2.056	539.815308
1030	2.058	539.553711
1031	2.06	539.547974
1032	2.062	540.333862
1033	2.064	540.599304
1034	2.066	540.597412
1035	2.068	539.807495
1036	2.07	539.806641
1037	2.072	540.325684
1038	2.074	539.281311
1039	2.076	540.330627
1040	2.078	539.283691
1041	2.08	540.335693
1042	2.082	539.284973
1043	2.084	540.052795
1044	2.086	540.061768
1045	2.088	540.31897
1046	2.09	539.014648
1047	2.092	539.796509
1048	2.094	539.791382
1049	2.096	539.277039
1050	2.098	538.490112
1051	2.1	539.532593
1052	2.102	540.054199
1053	2.104	539.522705
1054	2.106	539.778503
1055	2.108	540.040588
1056	2.11	540.038208
1057	2.112	540.040283
1058	2.114	539.783508
1059	2.116	541.065979
1060	2.118	540.280151
1061	2.12	540.021667
1062	2.122	540.280762
1063	2.124	539.749146
1064	2.126	538.976318
1065	2.128	539.239014
1066	2.13	538.978394
1067	2.132	539.489502
1068	2.134	539.232422
1069	2.136	539.744324
1070	2.138	539.991211
1071	2.14	539.733643
1072	2.142	539.21106
1073	2.144	540.771729
1074	2.146	539.988892
1075	2.148	540.500122
1076	2.15	540.750488
1077	2.152	540.226501
1078	2.154	540.751343
1079	2.156	539.176514
1080	2.158	539.682922
1081	2.16	539.162598
1082	2.162	539.15448
1083	2.164	538.633057
1084	2.166	539.144409
1085	2.168	538.868652
1086	2.17	539.114014
1087	2.172	538.596069
1088	2.174	537.808228
1089	2.176	538.065247
1090	2.178	537.520813
1091	2.18	536.731201
1092	2.182	536.973022
1093	2.184	536.447998
1094	2.186	536.174133
1095	2.188	534.856323
1096	2.19	533.799255
1097	2.192	533.01001
1098	2.194	531.93866
1099	2.196	531.921814
1100	2.198	530.864258
1101	2.2	530.329285
1102	2.202	529.523682
1103	2.204	528.979126
1104	2.206	528.951416
1105	2.208	527.377686
1106	2.21	526.82428
1107	2.212	526.795593
1108	2.214	524.686096
1109	2.216	525.187012
1110	2.218	524.889221
1111	2.22	523.819031
1112	2.222	523.005249
1113	2.224	524.006104
1114	2.226	522.672668
1115	2.228	521.598877
1116	2.23	521.302551
1117	2.232	520.212097
1118	2.234	518.358582
1119	2.236	517.022095
1120	2.238	514.907227
1121	2.24	513.835876
1122	2.242	511.456421
1123	2.244	509.85434
1124	2.246	506.44046
1125	2.248	504.837158
1126	2.25	501.946655
1127	2.252	498.53421
1128	2.254	494.605011
1129	2.256	492.751892
1130	2.258	488.824646
1131	2.26	484.890961
1132	2.262	479.917603
1133	2.264	474.4198
1134	2.266	469.722015
1135	2.268	464.48822
1136	2.27	460.042053
1137	2.272	454.568665
1138	2.274	448.829163
1139	2.276	442.039185
1140	2.278	435.78833
1141	2.28	429.006958
1142	2.282	423.023987
1143	2.284	415.468811
1144	2.286	410.009094
1145	2.288	403.507385
1146	2.29	396.755768
1147	2.292	390.002136
1148	2.294	382.993073
1149	2.296	375.202637
1150	2.298	366.373901
1151	2.3	359.377197
1152	2.302	350.815277
1153	2.304	341.983948
1154	2.306	333.697723
1155	2.308	324.374786
1156	2.31	315.825684
1157	2.312	306.779907
1158	2.314	297.438019
1159	2.316	287.345337
1160	2.318	278.541931
1161	2.32	268.98465
1162	2.322	261.246094
1163	2.324	252.199921
1164	2.326	243.676331
1165	2.328	234.371063
1166	2.33	226.886856
1167	2.332	219.152161
1168	2.334	212.191574
1169	2.336	203.936127
1170	2.338	197.766525
1171	2.34	191.575745
1172	2.342	186.424133
1173	2.344	180.75975
1174	2.346	176.396454
1175	2.348	171.760498
1176	2.35	168.153976
1177	2.352	165.315338
1178	2.354	163.782028
1179	2.356	162.755005
1180	2.358	160.692047
1181	2.36	161.489914
1182	2.362	160.719086
1183	2.364	159.941742
1184	2.366	159.173599
1185	2.368	159.429581
1186	2.37	159.680389
1187	2.372	160.442047
1188	2.374	161.461548
1189	2.376	163.271423
1190	2.378	165.576111
1191	2.38	168.148636
1192	2.382	169.929016
1193	2.384	172.502686
1194	2.386	175.321625
1195	2.388	178.921875
1196	2.39	181.214813
1197	2.392	184.290283
1198	2.394	185.035263
1199	2.396	187.34201
1200	2.398	188.879166
1201	2.4	190.412292
1202	2.402	190.143753
1203	2.404	190.646271
1204	2.406	190.379822
1205	2.408	191.154465
1206	2.41	190.64328
1207	2.412	190.647339
1208	2.414	190.655075
1209	2.416	189.642944
1210	2.418	190.980255
1211	2.42	189.169586
1212	2.422	189.716461
1213	2.424	188.711578
1214	2.426	189.264755
1215	2.428	189.53978
1216	2.43	190.630966
1217	2.432	191.954086
1218	2.434	193.043365
1219	2.436	194.376495
1220	2.438	196.220215
1221	2.44	198.329071
1222	2.442	201.992493
1223	2.444	204.882416
1224	2.446	209.320435
1225	2.448	215.312332
1226	2.45	222.366211
1227	2.452	229.400894
1228	2.454	236.956696
1229	2.456	245.025635
1230	2.458	253.360794
1231	2.46	262.462097
1232	2.462	271.824249
1233	2.464	281.442841
1234	2.466	291.312195
1235	2.468	301.200836
1236	2.47	311.084564
1237	2.472	321.23111
1238	2.474	331.107178
1239	2.476	341.254822
1240	2.478	352.196838
1241	2.48	362.602234
1242	2.482	373.275208
1243	2.484	384.20517
1244	2.486	396.177979
1245	2.488	407.120117
1246	2.49	417.527374
1247	2.492	429.781555
1248	2.494	439.678711
1249	2.496	451.677826
1250	2.498	463.414368
1251	2.5	474.36853
1252	2.502	486.387756
1253	2.504	496.839172
1254	2.506	506.518311
1255	2.508	515.407654
1256	2.51	525.074524
1257	2.512	533.966309
1258	2.514	543.394775
1259	2.516	552.819336
1260	2.518	562.483276
1261	2.52	573.461426
1262	2.522	583.906372
1263	2.524	593.566528
1264	2.526	603.498962
1265	2.528	612.625488
1266	2.53	623.848572
1267	2.532	633.765564
1268	2.534	643.143005
1269	2.536	653.0578
1270	2.538	664.009521
1271	2.54	674.949951
1272	2.542	686.949219
1273	2.544	698.401123
1274	2.546	709.601379
1275	2.548	721.305115
1276	2.55	732.245239
1277	2.552	741.879028
1278	2.554	752.825623
1279	2.556	761.159546
1280	2.558	770.282593
1281	2.56	778.894592
1282	2.562	786.200439
1283	2.564	794.546143
1284	2.566	802.353394
1285	2.568	810.699036
1286	2.57	817.222534
1287	2.572	824.777527
1288	2.574	831.826782
1289	2.576	838.860168
1290	2.578	844.600464
1291	2.58	851.122925
1292	2.582	857.12207
1293	2.584	862.332214
1294	2.586	867.557861
1295	2.588	872.503784
1296	2.59	876.669189
1297	2.592	878.789795
1298	2.594	882.430054
1299	2.596	887.600342
1300	2.598	891.75293
1301	2.6	896.670532
1302	2.602	901.077148
1303	2.604	905.749451
1304	2.606	910.17041
1305	2.608	915.614929
1306	2.61	920.282959
1307	2.612	924.695557
1308	2.614	929.366943
1309	2.616	934.03009
1310	2.618	938.442505
1311	2.62	942.593201
1312	2.622	947.29303
1313	2.624	951.184326
1314	2.626	956.360107
1315	2.628	961.057983
1316	2.63	965.469727
1317	2.632	969.641968
1318	2.634	974.584106
1319	2.636	978.489502
1320	2.638	982.92041
1321	2.64	986.577148
1322	2.642	988.925049
1323	2.644	992.595947
1324	2.646	994.685547
1325	2.648	997.049438
1326	2.65	1000.179382
1327	2.652	1002.804688
1328	2.654	1004.912354
1329	2.656	1008.053589
1330	2.658	1011.198059
1331	2.66	1013.81665
1332	2.662	1016.967407
1333	2.664	1018.793335
1334	2.666	1019.862549
1335	2.668	1023.258301
1336	2.67	1025.073853
1337	2.672	1027.183472
1338	2.674	1029.01001
1339	2.676	1032.397339
1340	2.678	1035.005859
1341	2.68	1036.058594
1342	2.682	1038.936646
1343	2.684	1040.503296
1344	2.686	1041.811035
1345	2.688	1043.12207
1346	2.69	1044.952271
1347	2.692	1044.713379
1348	2.694	1046.533936
1349	2.696	1046.543945
1350	2.698	1046.807983
1351	2.7	1047.078735
1352	2.702	1046.317017
1353	2.704	1046.332764
1354	2.706	1045.584106
1355	2.708	1045.077759
1356	2.71	1044.566162
1357	2.712	1043.044922
1358	2.714	1040.460449
1359	2.716	1038.392212
1360	2.718	1036.081421
1361	2.72	1033.760864
1362	2.722	1031.712646
1363	2.724	1029.137695
1364	2.726	1027.600464
1365	2.728	1024.240967
1366	2.73	1021.684448
1367	2.732	1019.625061
1368	2.734	1016.008057
1369	2.736	1012.657104
1370	2.738	1009.032959
1371	2.74	1006.468628
1372	2.742	1003.379028
1373	2.744	999.227661
1374	2.746	996.124207
1375	2.748	991.982544
1376	2.75	988.877686
1377	2.752	986.557617
1378	2.754	983.196716
1379	2.756	979.556213
1380	2.758	976.69519
1381	2.76	973.329346
1382	2.762	969.942322
1383	2.764	966.055054
1384	2.766	961.890991
1385	2.768	958.261963
1386	2.77	954.872253
1387	2.772	950.736206
1388	2.774	949.631226
1389	2.776	946.472534
1390	2.778	943.339172
1391	2.78	939.155518
1392	2.782	936.271851
1393	2.784	933.129517
1394	2.786	929.468262
1395	2.788	925.548706
1396	2.79	923.199829
1397	2.792	919.540771
1398	2.794	915.637451
1399	2.796	911.979492
1400	2.798	908.58197
1401	2.8	905.729736
1402	2.802	901.288513
1403	2.804	899.196289
1404	2.806	895.289551
1405	2.808	892.673279
1406	2.81	889.531494
1407	2.812	887.194275
1408	2.814	884.033813
1409	2.816	881.949097
1410	2.818	879.582642
1411	2.82	877.221313
1412	2.822	875.137024
1413	2.824	873.027832
1414	2.826	870.144958
1415	2.828	868.563721
1416	2.83	866.728882
1417	2.832	865.928589
1418	2.834	864.083679
1419	2.836	862.516846
1420	2.838	861.447388
1421	2.84	860.129944
1422	2.842	860.115845
1423	2.844	858.537964
1424	2.846	857.235229
1425	2.848	856.708069
1426	2.85	855.385498
1427	2.852	854.081909
1428	2.854	853.023926
1429	2.856	852.226929
1430	2.858	852.481079
1431	2.86	851.939209
1432	2.862	852.452637
1433	2.864	853.237122
1434	2.866	852.963989
1435	2.868	854.511658
1436	2.87	855.298706
1437	2.872	856.595215
1438	2.874	858.937317
1439	2.876	859.990723
1440	2.878	862.606201
1441	2.88	864.702637
1442	2.882	866.81604
1443	2.884	868.944946
1444	2.886	871.066895
1445	2.888	873.441833
1446	2.89	875.824829
1447	2.892	880.023193
1448	2.894	884.74353
1449	2.896	887.658936
1450	2.898	892.142273
1451	2.9	896.091675
1452	2.902	900.595764
1453	2.904	904.057007
1454	2.906	907.257935
1455	2.908	911.752686
1456	2.91	914.684326
1457	2.912	919.695679
1458	2.914	923.664063
1459	2.916	929.725586
1460	2.918	933.954163
1461	2.92	938.463318
1462	2.922	942.194519
1463	2.924	946.196045
1464	2.926	949.41394
1465	2.928	952.38623
1466	2.93	954.314941
1467	2.932	955.982727
1468	2.934	958.424805
1469	2.936	959.057129
1470	2.938	960.974609
1471	2.94	962.374268
1472	2.942	963.257202
1473	2.944	963.095825
1474	2.946	964.729858
1475	2.948	967.908569
1476	2.95	972.358032
1477	2.952	976.031738
1478	2.954	977.65155
1479	2.956	978.487549
1480	2.958	975.148193
1481	2.96	970.994751
1482	2.962	965.27887
1483	2.964	959.819214
1484	2.966	954.623413
1485	2.968	949.721924
1486	2.97	941.938843
1487	2.972	933.660156
1488	2.974	923.553589
1489	2.976	910.815552
1490	2.978	896.526978
1491	2.98	881.171753
1492	2.982	865.274902
1493	2.984	848.34314
1494	2.986	830.125244
1495	2.988	809.570068
1496	2.99	787.175415
1497	2.992	764.77887
1498	2.994	739.260498
1499	2.996	714.48877
1500	2.998	685.534668
1501	3	658.128967
1502	3.002	630.963196
1503	3.004	600.426208
1504	3.006	567.790283
1505	3.008	535.664063
1506	3.01	501.184631
1507	3.012	466.425476
1508	3.014	431.68161
1509	3.016	396.395844
1510	3.018	360.047913
1511	3.02	324.740906
1512	3.022	291.512604
1513	3.024	259.594025
1514	3.026	197.508133
1515	3.028	178.061752
1516	3.03	158.099213
1517	3.032	139.706299
1518	3.034	120.780739
1519	3.036	103.165543
1520	3.038	87.135994
1521	3.04	71.633286
1522	3.042	57.698925
1523	3.044	46.658939
1524	3.046	0
1525	3.048	0
1526	3.05	0
1527	3.052	0
1528	3.054	0
1529	3.056	0
1530	3.058	0
1531	3.06	0
1532	3.062	0
1533	3.064	0
1534	3.066	0
1535	3.068	0
1536	3.07	0
1537	3.072	0
1538	3.074	0
1539	3.076	0
1540	3.078	0
1541	3.08	0
1542	3.082	0
1543	3.084	0
1544	3.086	0
1545	3.088	0
1546	3.09	0
1547	3.092	0
1548	3.094	0
1549	3.096	0
1550	3.098	0
1551	3.1	0
1552	3.102	0
1553	3.104	0
1554	3.106	0
1555	3.108	0
1556	3.11	0
1557	3.112	0
1558	3.114	0
1559	3.116	0
1560	3.118	0
1561	3.12	0
1562	3.122	0
1563	3.124	0
1564	3.126	0
1565	3.128	0
1566	3.13	0
1567	3.132	0
1568	3.134	0
1569	3.136	0
1570	3.138	0
1571	3.14	0
1572	3.142	0
1573	3.144	0
1574	3.146	0
1575	3.148	0
1576	3.15	0
1577	3.152	0
1578	3.154	0
1579	3.156	0
1580	3.158	0
1581	3.16	0
1582	3.162	0
1583	3.164	0
1584	3.166	0
1585	3.168	0
1586	3.17	0
1587	3.172	0
1588	3.174	0
1589	3.176	0
1590	3.178	0
1591	3.18	0
1592	3.182	0
1593	3.184	0
1594	3.186	0
1595	3.188	0
1596	3.19	0
1597	3.192	0
1598	3.194	0
1599	3.196	0
1600	3.198	0
1601	3.2	0
1602	3.202	0
1603	3.204	0
1604	3.206	0
1605	3.208	0
1606	3.21	0
1607	3.212	0
1608	3.214	0
1609	3.216	0
1610	3.218	0
1611	3.22	0
1612	3.222	0
1613	3.224	0
1614	3.226	0
1615	3.228	0
1616	3.23	0
1617	3.232	0
1618	3.234	0
1619	3.236	0
1620	3.238	0
1621	3.24	0
1622	3.242	0
1623	3.244	0
1624	3.246	0
1625	3.248	0
1626	3.25	0
1627	3.252	0
1628	3.254	0
1629	3.256	0
1630	3.258	0
1631	3.26	0
1632	3.262	0
1633	3.264	0
1634	3.266	0
1635	3.268	0
1636	3.27	0
1637	3.272	0
1638	3.274	0
1639	3.276	0
1640	3.278	0
1641	3.28	0
1642	3.282	0
1643	3.284	0
1644	3.286	0
1645	3.288	0
1646	3.29	0
1647	3.292	0
1648	3.294	0
1649	3.296	0
1650	3.298	0
1651	3.3	0
1652	3.302	0
1653	3.304	0
1654	3.306	0
1655	3.308	0
1656	3.31	0
1657	3.312	0
1658	3.314	0
1659	3.316	0
1660	3.318	0
1661	3.32	0
1662	3.322	0
1663	3.324	0
1664	3.326	0
1665	3.328	0
1666	3.33	0
1667	3.332	0
1668	3.334	0
1669	3.336	0
1670	3.338	0
1671	3.34	0
1672	3.342	0
1673	3.344	0
1674	3.346	0
1675	3.348	0
1676	3.35	0
1677	3.352	0
1678	3.354	0
1679	3.356	0
1680	3.358	0
1681	3.36	0
1682	3.362	0
1683	3.364	0
1684	3.366	0
1685	3.368	0
1686	3.37	0
1687	3.372	0
1688	3.374	0
1689	3.376	0
1690	3.378	0
1691	3.38	0
1692	3.382	0
1693	3.384	0
1694	3.386	0
1695	3.388	0
1696	3.39	0
1697	3.392	0
1698	3.394	0
1699	3.396	0
1700	3.398	0
1701	3.4	0
1702	3.402	0
1703	3.404	0
1704	3.406	49.891178
1705	3.408	58.664009
1706	3.41	55.783344
1707	3.412	71.021263
1708	3.414	84.022011
1709	3.416	108.265121
1710	3.418	149.264145
1711	3.42	196.580856
1712	3.422	247.840103
1713	3.424	315.435974
1714	3.426	403.811279
1715	3.428	515.605774
1716	3.43	504.700867
1717	3.432	448.33374
1718	3.434	428.628693
1719	3.436	447.790619
1720	3.438	499.335571
1721	3.44	589.927002
1722	3.442	708.949341
1723	3.444	822.298035
1724	3.446	917.173096
1725	3.448	976.143005
1726	3.45	1000.093994
1727	3.452	1007.118286
1728	3.454	1035.871094
1729	3.456	1096.662598
1730	3.458	1182.104492
1731	3.46	1270.372803
1732	3.462	1339.807251
1733	3.464	1374.256958
1734	3.466	1385.163086
1735	3.468	1393.062256
1736	3.47	1418.156982
1737	3.472	1468.422485
1738	3.474	1540.615723
1739	3.476	1630.243042
1740	3.478	1717.618286
1741	3.48	1789.337646
1742	3.482	1840.559814
1743	3.484	1876.050171
1744	3.486	1907.333008
1745	3.488	1930.014526
1746	3.49	1947.435547
1747	3.492	1980.78064
1748	3.494	2014.912842
1749	3.496	2021.609863
1750	3.498	1989.675659
1751	3.5	1927.745361
1752	3.502	1843.202637
1753	3.504	1748.583252
1754	3.506	1665.703369
1755	3.508	1602.128174
1756	3.51	1551.796387
1757	3.512	1503.261841
1758	3.514	1457.341675
1759	3.516	1414.643799
1760	3.518	1377.450562
1761	3.52	1344.749512
1762	3.522	1321.067627
1763	3.524	1309.006592
1764	3.526	1301.015869
1765	3.528	1295.586914
1766	3.53	1289.356201
1767	3.532	1282.568115
1768	3.534	1270.807861
1769	3.536	1259.755859
1770	3.538	1250.23291
1771	3.54	1245.921387
1772	3.542	1243.212891
1773	3.544	1243.371826
1774	3.546	1241.682617
1775	3.548	1238.390015
1776	3.55	1231.137573
1777	3.552	1224.921509
1778	3.554	1219.758545
1779	3.556	1215.627441
1780	3.558	1213.591675
1781	3.56	1211.313965
1782	3.562	1208.039551
1783	3.564	1201.131104
1784	3.566	1192.395996
1785	3.568	1181.825684
1786	3.57	1169.976563
1787	3.572	1156.103516
1788	3.574	1140.981934
1789	3.576	1124.612305
1790	3.578	1107.477539
1791	3.58	1089.079834
1792	3.582	1068.311523
1793	3.584	1046.510254
1794	3.586	1024.962402
1795	3.588	1002.61676
1796	3.59	980.286133
1797	3.592	956.93689
1798	3.594	933.333374
1799	3.596	910.010498
1800	3.598	885.123047
1801	3.6	864.279541
1802	3.602	840.611633
1803	3.604	817.993896
1804	3.606	795.119934
1805	3.608	772.548828
1806	3.61	750.730225
1807	3.612	729.195435
1808	3.614	707.132324
1809	3.616	685.838989
1810	3.618	664.558472
1811	3.62	644.830078
1812	3.622	625.870056
1813	3.624	607.960083
1814	3.626	590.303589
1815	3.628	572.907776
1816	3.63	556.806946
1817	3.632	540.963928
1818	3.634	525.626526
1819	3.636	511.336578
1820	3.638	497.036194
1821	3.64	484.56311
1822	3.642	471.304443
1823	3.644	459.088196
1824	3.646	448.959167
1825	3.648	435.960571
1826	3.65	425.825195
1827	3.652	415.188019
1828	3.654	404.251953
1829	3.656	394.377014
1830	3.658	385.017853
1831	3.66	376.428528
1832	3.662	367.594849
1833	3.664	360.051941
1834	3.666	351.979431
1835	3.668	345.230804
1836	3.67	337.434021
1837	3.672	330.68103
1838	3.674	324.696625
1839	3.676	318.453186
1840	3.678	312.991211
1841	3.68	308.572693
1842	3.682	303.626862
1843	3.684	298.683228
1844	3.686	295.059662
1845	3.688	290.900421
1846	3.69	288.309509
1847	3.692	285.990784
1848	3.694	283.91394
1849	3.696	282.109039
1850	3.698	280.571472
1851	3.7	279.797333
1852	3.702	277.740356
1853	3.704	276.735107
1854	3.706	276.512299
1855	3.708	275.239227
1856	3.71	274.740295
1857	3.712	275.300079
1858	3.714	276.357758
1859	3.716	277.942902
1860	3.718	280.561188
1861	3.72	282.137756
1862	3.722	284.224579
1863	3.724	287.371643
1864	3.726	290.255432
1865	3.728	292.33017
1866	3.73	294.945923
1867	3.732	298.329407
1868	3.734	303.010742
1869	3.736	305.857727
1870	3.738	310.291626
1871	3.74	315.229187
1872	3.742	319.913422
1873	3.744	325.116455
1874	3.746	331.354126
1875	3.748	337.8573
1876	3.75	344.615051
1877	3.752	352.417847
1878	3.754	359.972717
1879	3.756	368.298584
1880	3.758	376.608643
1881	3.76	384.67572
1882	3.762	392.74115
1883	3.764	401.851624
1884	3.766	410.688782
1885	3.768	419.011414
1886	3.77	428.364899
1887	3.772	437.468323
1888	3.774	447.098206
1889	3.776	456.204346
1890	3.778	465.831909
1891	3.78	475.476318
1892	3.782	483.799377
1893	3.784	491.862488
1894	3.786	500.483093
1895	3.788	507.261322
1896	3.79	514.306641
1897	3.792	519.522339
1898	3.794	525.256165
1899	3.796	530.494751
1900	3.798	535.718628
1901	3.8	541.205139
1902	3.802	545.903259
1903	3.804	549.038879
1904	3.806	554.003662
1905	3.808	557.146851
1906	3.81	560.808044
1907	3.812	563.677551
1908	3.814	566.297363
1909	3.816	568.394714
1910	3.818	569.707397
1911	3.82	570.995422
1912	3.822	572.577026
1913	3.824	574.120728
1914	3.826	575.41925
1915	3.828	577.509399
1916	3.83	578.802063
1917	3.832	580.62854
1918	3.834	582.713013
1919	3.836	584.282471
1920	3.838	585.84021
1921	3.84	586.095825
1922	3.842	587.65448
1923	3.844	589.475098
1924	3.846	590.25061
1925	3.848	589.720581
1926	3.85	591.008911
1927	3.852	592.066711
1928	3.854	591.288269
1929	3.856	589.450317
1930	3.858	587.885742
1931	3.86	587.884644
1932	3.862	586.32489
1933	3.864	584.501648
1934	3.866	582.933411
1935	3.868	581.376221
1936	3.87	579.561462
1937	3.872	576.699951
1938	3.874	574.614258
1939	3.876	571.757385
1940	3.878	568.89978
1941	3.88	565.525269
1942	3.882	562.671326
1943	3.884	559.028442
1944	3.886	556.706604
1945	3.888	553.327637
1946	3.89	550.209167
1947	3.892	547.343628
1948	3.894	545.010864
1949	3.896	542.15741
1950	3.898	540.350159
1951	3.9	537.487061
1952	3.902	534.620972
1953	3.904	533.60144
1954	3.906	531.786011
1955	3.908	529.711426
1956	3.91	528.144653
1957	3.912	526.319763
1958	3.914	525.021362
1959	3.916	525.282288
1960	3.918	523.723267
1961	3.92	522.679199
1962	3.922	521.893677
1963	3.924	520.858276
1964	3.926	519.276123
1965	3.928	518.758362
1966	3.93	517.701416
1967	3.932	517.447693
1968	3.934	517.440308
1969	3.936	516.39978
1970	3.938	515.874817
1971	3.94	514.831177
1972	3.942	514.309692
1973	3.944	512.740479
1974	3.946	512.201843
1975	3.948	512.467773
1976	3.95	512.451233
1977	3.952	512.963623
1978	3.954	512.445313
1979	3.956	512.443481
1980	3.958	512.694153
1981	3.96	513.20166
1982	3.962	511.889954
1983	3.964	511.634277
1984	3.966	512.40155
1985	3.968	511.867676
1986	3.97	512.382996
1987	3.972	512.645142
1988	3.974	512.379089
1989	3.976	512.890625
1990	3.978	512.365173
1991	3.98	512.877625
1992	3.982	512.86853
1993	3.984	513.385071
1994	3.986	513.100647
1995	3.988	514.130127
1996	3.99	514.107056
1997	3.992	515.400635
1998	3.994	516.688232
1999	3.996	517.452942
2000	3.998	519.268494
2001	4	520.033081
2002	4.002	521.840393
2003	4.004	522.866028
2004	4.006	525.465759
2005	4.008	526.230957
2006	4.01	528.046814
2007	4.012	529.070251
2008	4.014	530.880737
2009	4.016	532.178711
2010	4.018	533.467957
2011	4.02	535.014404
2012	4.022	536.570068
2013	4.024	537.343201
2014	4.026	538.891663
2015	4.028	539.923889
2016	4.03	542.003113
2017	4.032	543.040955
2018	4.034	544.335022
2019	4.036	545.61615
2020	4.038	547.198242
2021	4.04	547.71521
2022	4.042	549.009583
2023	4.044	549.530884
2024	4.046	550.560547
2025	4.048	551.094849
2026	4.05	550.051758
2027	4.052	550.84082
2028	4.054	550.554749
2029	4.056	551.338501
2030	4.058	550.291382
2031	4.06	550.552063
2032	4.062	550.284119
2033	4.064	549.243774
2034	4.066	549.488403
2035	4.068	549.230042
2036	4.07	547.910645
2037	4.072	548.426086
2038	4.074	547.369507
2039	4.076	546.8526
2040	4.078	547.368164
2041	4.08	547.347412
2042	4.082	546.561096
2043	4.084	546.285889
2044	4.086	545.508301
2045	4.088	546.267212
2046	4.09	545.480347
2047	4.092	545.198486
2048	4.094	544.681885
2049	4.096	545.45636
2050	4.098	544.922607
2051	4.1	544.119446
2052	4.102	544.646729
2053	4.104	544.889038
2054	4.106	544.891174
2055	4.108	544.355164
2056	4.11	543.833252
2057	4.112	544.349854
2058	4.114	543.825867
2059	4.116	542.778442
2060	4.118	542.003906
2061	4.12	542.523254
2062	4.122	542.266174
2063	4.124	542.540527
2064	4.126	541.241455
2065	4.128	540.722534
2066	4.13	541.241638
2067	4.132	540.214478
2068	4.134	539.44458
2069	4.136	538.925293
2070	4.138	538.139404
2071	4.14	537.627075
2072	4.142	538.153809
2073	4.144	536.870667
2074	4.146	537.142578
2075	4.148	537.657959
2076	4.15	536.615601
2077	4.152	537.146851
2078	4.154	536.635315
2079	4.156	536.635193
2080	4.158	537.166321
2081	4.16	537.173218
2082	4.162	536.653931
2083	4.164	536.91449
2084	4.166	537.696777
2085	4.168	536.922852
2086	4.17	537.962036
2087	4.172	537.692139
2088	4.174	538.227539
2089	4.176	538.496277
2090	4.178	538.509888
2091	4.18	539.795654
2092	4.182	539.814331
2093	4.184	539.025757
2094	4.186	540.08252
2095	4.188	539.04657
2096	4.19	540.067261
2097	4.192	539.812927
2098	4.194	540.074829
2099	4.196	539.829346
2100	4.198	539.817566
2101	4.2	539.822021
2102	4.202	539.562622
2103	4.204	539.311462
2104	4.206	539.834717
2105	4.208	539.574036
2106	4.21	540.097168
2107	4.212	539.337158
2108	4.214	539.322998
2109	4.216	540.102905
2110	4.218	539.326172
2111	4.22	539.329956
2112	4.222	539.070435
2113	4.224	538.799866
2114	4.226	538.544861
2115	4.228	539.070801
2116	4.23	538.548279
2117	4.232	539.080688
2118	4.234	539.064148
2119	4.236	539.326233
2120	4.238	539.330811
2121	4.24	539.586304
2122	4.242	540.880249
2123	4.244	541.41156
2124	4.246	541.401733
2125	4.248	542.180664
2126	4.25	542.704468
2127	4.252	542.180725
2128	4.254	541.910278
2129	4.256	542.704346
2130	4.258	542.429932
2131	4.26	542.44043
2132	4.262	541.897034
2133	4.264	542.172485
2134	4.266	541.651489
2135	4.268	541.90686
2136	4.27	541.906982
2137	4.272	542.169495
2138	4.274	542.685791
2139	4.276	543.734375
2140	4.278	542.955139
2141	4.28	542.694702
2142	4.282	542.960205
2143	4.284	542.717712
2144	4.286	543.233826
2145	4.288	543.496033
2146	4.29	543.75708
2147	4.292	544.546265
2148	4.294	543.252014
2149	4.296	543.256104
2150	4.298	542.483887
2151	4.3	542.214539
2152	4.302	542.488464
2153	4.304	543.527283
2154	4.306	543.79541
2155	4.308	544.055847
2156	4.31	543.801453
2157	4.312	543.016113
2158	4.314	542.499023
2159	4.316	542.239136
2160	4.318	543.028137
2161	4.32	543.548889
2162	4.322	543.293762
2163	4.324	543.819458
2164	4.326	543.560913
2165	4.328	542.786133
2166	4.33	543.3125
2167	4.332	543.322449
2168	4.334	543.051392
2169	4.336	542.800293
2170	4.338	543.32135
2171	4.34	543.065796
2172	4.342	541.513062
2173	4.344	541.512329
2174	4.346	539.957764
2175	4.348	538.91748
2176	4.35	539.169189
2177	4.352	538.652161
2178	4.354	539.168091
2179	4.356	538.39502
2180	4.358	537.621948
2181	4.36	537.363403
2182	4.362	537.361877
2183	4.364	536.85083
2184	4.366	537.884155
2185	4.368	537.891541
2186	4.37	537.625305
2187	4.372	538.917419
2188	4.374	538.153687
2189	4.376	538.928162
2190	4.378	539.19104
2191	4.38	539.976013
2192	4.382	540.228027
2193	4.384	540.490479
2194	4.386	539.97229
2195	4.388	540.490845
2196	4.39	540.496338
2197	4.392	540.757507
2198	4.394	540.23645
2199	4.396	540.499084
2200	4.398	540.242249
2201	4.4	540.504395
2202	4.402	541.020935
2203	4.404	541.032776
2204	4.406	540.767212
2205	4.408	540.513428
2206	4.41	541.034363
2207	4.412	539.993774
2208	4.414	540.510864
2209	4.416	539.728027
2210	4.418	540.263611
2211	4.42	539.985718
2212	4.422	539.48407
2213	4.424	538.699585
2214	4.426	539.222046
2215	4.428	538.9599
2216	4.43	538.961731
2217	4.432	539.220093
2218	4.434	539.222107
2219	4.436	538.960388
2220	4.438	539.502197
2221	4.44	538.697876
2222	4.442	538.956604
2223	4.444	539.998352
2224	4.446	539.999268
2225	4.448	541.572205
2226	4.45	542.092102
2227	4.452	543.657654
2228	4.454	543.394836
2229	4.456	543.389709
2230	4.458	543.92688
2231	4.46	543.141602
2232	4.462	544.188599
2233	4.464	544.447205
2234	4.466	544.447327
2235	4.468	544.445557
2236	4.47	544.445618
2237	4.472	543.662964
2238	4.474	543.673584
2239	4.476	543.933228
2240	4.478	543.925476
2241	4.48	543.392456
2242	4.482	543.918823
2243	4.484	543.138672
2244	4.486	542.607178
2245	4.488	542.079834
2246	4.49	542.342407
2247	4.492	541.809204
2248	4.494	542.062439
2249	4.496	541.549194
2250	4.498	541.80835
2251	4.5	541.279053
2252	4.502	541.532043
2253	4.504	540.479797
2254	4.506	539.954163
2255	4.508	540.466553
2256	4.51	539.946472
2257	4.512	539.155396
2258	4.514	539.414917
2259	4.516	538.891174
2260	4.518	538.614258
2261	4.52	537.562683
2262	4.522	537.295288
2263	4.524	538.332703
2264	4.526	538.06897
2265	4.528	537.537659
2266	4.53	538.042725
2267	4.532	537.767334
2268	4.534	537.4953
2269	4.536	537.508362
2270	4.538	537.49646
2271	4.54	537.474243
2272	4.542	537.47052
2273	4.544	537.467896
2274	4.546	537.734131
2275	4.548	537.720093
2276	4.55	537.705872
2277	4.552	537.172241
2278	4.554	537.688782
2279	4.556	536.903564
2280	4.558	536.630859
2281	4.56	536.38147
2282	4.562	536.36261
2283	4.564	535.051819
2284	4.566	534.784912
2285	4.568	533.736206
2286	4.57	533.980591
2287	4.572	534.518066
2288	4.574	533.201538
2289	4.576	532.690857
2290	4.578	533.198608
2291	4.58	532.165649
2292	4.582	532.161621
2293	4.584	531.123901
2294	4.586	531.385376
2295	4.588	531.105286
2296	4.59	531.110413
2297	4.592	531.375061
2298	4.594	530.837891
2299	4.596	531.623352
2300	4.598	531.366577
2301	4.6	531.101379
2302	4.602	531.624146
2303	4.604	532.137695
2304	4.606	531.096069
2305	4.608	532.125488
2306	4.61	532.113403
2307	4.612	532.124146
2308	4.614	533.41626
2309	4.616	533.149658
2310	4.618	534.199829
2311	4.62	533.919556
2312	4.622	534.951111
2313	4.624	534.441223
2314	4.626	535.735474
2315	4.628	535.4776
2316	4.63	535.206848
2317	4.632	535.712341
2318	4.634	535.707886
2319	4.636	536.475891
2320	4.638	536.485657
2321	4.64	536.737793
2322	4.642	536.480957
2323	4.644	536.731445
2324	4.646	536.736694
2325	4.648	536.461365
2326	4.65	536.455139
2327	4.652	536.202026
2328	4.654	536.194336
2329	4.656	537.232605
2330	4.658	537.23645
2331	4.66	536.70813
2332	4.662	537.224915
2333	4.664	537.477173
2334	4.666	538.519531
2335	4.668	537.458618
2336	4.67	537.977173
2337	4.672	537.973511
2338	4.674	537.967957
2339	4.676	538.229004
2340	4.678	538.23407
2341	4.68	538.221252
2342	4.682	538.225281
2343	4.684	537.955811
2344	4.686	538.733154
2345	4.688	538.994568
2346	4.69	538.738953
2347	4.692	539.523499
2348	4.694	539.263306
2349	4.696	539.26532
2350	4.698	540.045471
2351	4.7	539.003296
2352	4.702	539.791016
2353	4.704	539.783752
2354	4.706	540.56134
2355	4.708	540.830688
2356	4.71	541.609375
2357	4.712	540.048706
2358	4.714	540.569397
2359	4.716	540.831177
2360	4.718	540.060547
2361	4.72	539.792969
2362	4.722	540.315735
2363	4.724	539.277222
2364	4.726	539.281616
2365	4.728	540.068848
2366	4.73	539.020813
2367	4.732	539.021423
2368	4.734	539.524048
2369	4.736	539.270081
2370	4.738	540.062378
2371	4.74	540.057251
2372	4.742	540.315552
2373	4.744	540.831726
2374	4.746	540.834656
2375	4.748	540.83667
2376	4.75	541.089233
2377	4.752	541.087524
2378	4.754	0
2379	4.756	0
2380	4.758	0
2381	4.76	0
2382	4.762	0
2383	4.764	0
2384	4.766	0
2385	4.768	0
2386	4.77	0
2387	4.772	0
2388	4.774	0
2389	4.776	0
2390	4.778	0
2391	4.78	0
2392	4.782	0
2393	4.784	0
2394	4.786	0
2395	4.788	0
2396	4.79	0
2397	4.792	0
2398	4.794	0
2399	4.796	0
2400	4.798	0
2401	4.8	0
2402	4.802	0
2403	4.804	0
2404	4.806	0
2405	4.808	0
2406	4.81	0
2407	4.812	0
2408	4.814	0
2409	4.816	0
2410	4.818	0
2411	4.82	0
2412	4.822	0