	C:\Users\BTSUser\Desktop\Cooper Jump\Biomechanics_Spring 2024\Emily_CMJ.c3d	C:\Users\BTSUser\Desktop\Cooper Jump\Biomechanics_Spring 2024\Emily_CMJ.c3d
	TIME	FS1_1
	FRAME_NUMBERS	FORCE
	ORIGINAL	ORIGINAL
ITEM	X	Y
1	0.000000	540.832275
2	0.002000	539.796509
3	0.004000	539.538696
4	0.006000	539.266907
5	0.008000	540.057312
6	0.010000	540.308472
7	0.012000	540.037598
8	0.014000	539.788696
9	0.016000	540.567932
10	0.018000	539.793579
11	0.020000	540.039185
12	0.022000	540.307129
13	0.024000	540.050476
14	0.026000	541.092712
15	0.028000	540.561401
16	0.030000	540.574463
17	0.032000	540.583496
18	0.034000	541.346680
19	0.036000	541.094788
20	0.038000	541.085938
21	0.040000	541.352600
22	0.042000	541.347656
23	0.044000	540.820984
24	0.046000	541.095032
25	0.048000	541.354614
26	0.050000	541.086243
27	0.052000	540.834839
28	0.054000	540.830444
29	0.056000	540.323669
30	0.058000	540.567017
31	0.060000	540.308350
32	0.062000	540.044067
33	0.064000	539.784058
34	0.066000	539.535950
35	0.068000	540.051025
36	0.070000	539.267822
37	0.072000	540.039551
38	0.074000	539.262817
39	0.076000	539.518555
40	0.078000	540.043945
41	0.080000	539.785400
42	0.082000	540.306824
43	0.084000	540.300293
44	0.086000	540.035034
45	0.088000	540.559937
46	0.090000	540.055420
47	0.092000	539.783325
48	0.094000	540.305359
49	0.096000	540.308716
50	0.098000	539.788208
51	0.100000	540.045166
52	0.102000	540.043823
53	0.104000	540.305298
54	0.106000	540.817139
55	0.108000	540.038635
56	0.110000	540.562134
57	0.112000	540.295837
58	0.114000	539.792847
59	0.116000	540.560669
60	0.118000	540.564331
61	0.120000	540.570190
62	0.122000	540.826660
63	0.124000	540.828125
64	0.126000	540.833130
65	0.128000	540.575867
66	0.130000	540.557800
67	0.132000	540.566406
68	0.134000	539.786743
69	0.136000	540.316895
70	0.138000	540.828125
71	0.140000	539.777100
72	0.142000	540.047852
73	0.144000	539.536682
74	0.146000	539.783875
75	0.148000	540.302979
76	0.150000	540.036926
77	0.152000	540.572937
78	0.154000	540.306824
79	0.156000	540.555359
80	0.158000	540.033325
81	0.160000	539.782593
82	0.162000	541.083862
83	0.164000	540.296631
84	0.166000	540.301086
85	0.168000	540.299072
86	0.170000	540.811646
87	0.172000	540.033752
88	0.174000	540.554077
89	0.176000	540.806396
90	0.178000	540.550964
91	0.180000	540.807312
92	0.182000	540.536133
93	0.184000	540.811035
94	0.186000	541.588135
95	0.188000	540.550415
96	0.190000	540.293945
97	0.192000	540.029053
98	0.194000	540.020691
99	0.196000	540.532288
100	0.198000	540.801880
101	0.200000	540.792847
102	0.202000	539.482178
103	0.204000	540.533203
104	0.206000	540.004883
105	0.208000	539.495850
106	0.210000	540.014893
107	0.212000	540.004883
108	0.214000	540.008179
109	0.216000	540.276611
110	0.218000	540.004944
111	0.220000	540.268921
112	0.222000	540.526733
113	0.224000	539.482544
114	0.226000	540.005615
115	0.228000	539.737305
116	0.230000	540.261230
117	0.232000	540.524231
118	0.234000	539.744019
119	0.236000	540.254639
120	0.238000	540.520142
121	0.240000	539.736328
122	0.242000	540.779419
123	0.244000	539.992065
124	0.246000	539.722839
125	0.248000	540.255493
126	0.250000	540.518372
127	0.252000	539.475830
128	0.254000	539.728638
129	0.256000	539.986450
130	0.258000	540.254395
131	0.260000	540.253784
132	0.262000	540.501587
133	0.264000	540.506226
134	0.266000	540.243225
135	0.268000	540.501831
136	0.270000	540.510620
137	0.272000	539.984192
138	0.274000	540.774170
139	0.276000	540.763855
140	0.278000	541.037659
141	0.280000	541.027100
142	0.282000	540.763000
143	0.284000	539.720215
144	0.286000	540.245361
145	0.288000	540.246521
146	0.290000	539.466431
147	0.292000	541.031250
148	0.294000	541.036499
149	0.296000	540.504883
150	0.298000	540.251221
151	0.300000	539.460938
152	0.302000	539.721069
153	0.304000	539.720337
154	0.306000	539.980957
155	0.308000	539.973022
156	0.310000	540.234985
157	0.312000	540.230835
158	0.314000	540.761597
159	0.316000	541.017944
160	0.318000	540.752686
161	0.320000	541.010864
162	0.322000	541.009705
163	0.324000	541.281372
164	0.326000	541.527649
165	0.328000	541.007263
166	0.330000	540.750061
167	0.332000	541.014526
168	0.334000	540.227417
169	0.336000	540.225647
170	0.338000	540.485840
171	0.340000	540.482666
172	0.342000	540.490967
173	0.344000	539.964600
174	0.346000	539.710327
175	0.348000	541.269287
176	0.350000	540.219849
177	0.352000	541.266113
178	0.354000	540.742798
179	0.356000	539.964722
180	0.358000	540.744263
181	0.360000	540.494995
182	0.362000	540.752197
183	0.364000	540.231934
184	0.366000	540.219238
185	0.368000	540.227417
186	0.370000	540.995972
187	0.372000	540.224854
188	0.374000	540.737793
189	0.376000	539.951233
190	0.378000	540.479248
191	0.380000	540.479797
192	0.382000	540.990295
193	0.384000	540.724670
194	0.386000	540.734497
195	0.388000	540.214050
196	0.390000	540.473022
197	0.392000	540.467712
198	0.394000	540.993347
199	0.396000	540.722168
200	0.398000	541.503784
201	0.400000	540.730103
202	0.402000	541.251953
203	0.404000	540.462708
204	0.406000	540.976318
205	0.408000	541.488403
206	0.410000	540.708191
207	0.412000	541.488525
208	0.414000	540.978149
209	0.416000	540.714600
210	0.418000	540.195923
211	0.420000	540.967163
212	0.422000	541.231445
213	0.424000	540.968384
214	0.426000	541.231873
215	0.428000	540.965454
216	0.430000	540.704041
217	0.432000	540.957581
218	0.434000	540.692688
219	0.436000	540.970459
220	0.438000	540.438965
221	0.440000	540.435669
222	0.442000	541.213928
223	0.444000	540.436279
224	0.446000	540.173767
225	0.448000	539.917908
226	0.450000	540.697327
227	0.452000	539.912720
228	0.454000	539.130005
229	0.456000	539.646057
230	0.458000	538.873047
231	0.460000	539.651611
232	0.462000	539.902405
233	0.464000	539.904053
234	0.466000	539.384399
235	0.468000	540.693542
236	0.470000	539.635742
237	0.472000	539.643005
238	0.474000	538.852539
239	0.476000	539.634277
240	0.478000	539.898071
241	0.480000	540.157593
242	0.482000	539.901123
243	0.484000	540.682373
244	0.486000	540.405090
245	0.488000	539.886475
246	0.490000	539.366089
247	0.492000	539.885864
248	0.494000	540.143433
249	0.496000	540.151855
250	0.498000	540.396118
251	0.500000	539.881714
252	0.502000	541.193665
253	0.504000	540.678955
254	0.506000	540.671875
255	0.508000	540.419678
256	0.510000	540.401001
257	0.512000	539.895569
258	0.514000	540.152466
259	0.516000	540.162720
260	0.518000	540.417847
261	0.520000	540.682739
262	0.522000	540.168457
263	0.524000	539.119019
264	0.526000	539.636475
265	0.528000	539.902527
266	0.530000	540.162842
267	0.532000	539.642334
268	0.534000	540.164917
269	0.536000	540.420410
270	0.538000	539.390320
271	0.540000	539.906616
272	0.542000	539.646118
273	0.544000	539.656250
274	0.546000	539.644531
275	0.548000	540.169678
276	0.550000	539.646057
277	0.552000	540.417725
278	0.554000	539.903320
279	0.556000	540.157593
280	0.558000	540.429504
281	0.560000	541.209534
282	0.562000	539.899780
283	0.564000	540.172729
284	0.566000	540.956909
285	0.568000	540.955811
286	0.570000	540.426270
287	0.572000	540.688904
288	0.574000	540.701172
289	0.576000	539.915161
290	0.578000	539.919556
291	0.580000	540.171387
292	0.582000	539.662598
293	0.584000	540.182007
294	0.586000	539.909180
295	0.588000	540.457825
296	0.590000	539.924194
297	0.592000	539.147461
298	0.594000	539.661072
299	0.596000	539.661072
300	0.598000	539.914490
301	0.600000	538.875488
302	0.602000	539.935669
303	0.604000	540.207153
304	0.606000	539.933960
305	0.608000	539.145996
306	0.610000	539.148560
307	0.612000	539.674500
308	0.614000	539.674988
309	0.616000	539.157776
310	0.618000	538.895630
311	0.620000	539.680847
312	0.622000	539.664063
313	0.624000	539.946899
314	0.626000	539.156372
315	0.628000	539.682617
316	0.630000	539.423340
317	0.632000	539.166138
318	0.634000	539.421082
319	0.636000	539.432739
320	0.638000	540.194458
321	0.640000	539.673157
322	0.642000	539.930969
323	0.644000	538.893799
324	0.646000	539.931946
325	0.648000	539.417358
326	0.650000	538.888916
327	0.652000	539.412964
328	0.654000	539.159241
329	0.656000	540.191772
330	0.658000	539.412964
331	0.660000	539.936646
332	0.662000	539.142822
333	0.664000	539.152344
334	0.666000	539.928345
335	0.668000	540.195313
336	0.670000	539.947449
337	0.672000	540.192932
338	0.674000	540.463684
339	0.676000	539.941040
340	0.678000	540.200195
341	0.680000	540.199463
342	0.682000	539.143372
343	0.684000	539.668518
344	0.686000	539.664001
345	0.688000	539.398621
346	0.690000	540.182007
347	0.692000	540.698792
348	0.694000	540.967163
349	0.696000	540.712769
350	0.698000	540.173767
351	0.700000	539.925537
352	0.702000	540.705078
353	0.704000	540.701294
354	0.706000	540.964111
355	0.708000	540.182983
356	0.710000	541.229614
357	0.712000	540.699585
358	0.714000	540.955566
359	0.716000	540.691162
360	0.718000	541.214783
361	0.720000	540.957336
362	0.722000	540.957642
363	0.724000	540.691284
364	0.726000	540.697266
365	0.728000	541.742310
366	0.730000	541.475403
367	0.732000	541.480591
368	0.734000	541.728455
369	0.736000	541.723999
370	0.738000	541.216431
371	0.740000	541.204834
372	0.742000	541.474121
373	0.744000	541.208862
374	0.746000	540.695129
375	0.748000	540.695129
376	0.750000	540.432312
377	0.752000	539.914307
378	0.754000	540.169434
379	0.756000	540.160339
380	0.758000	539.905823
381	0.760000	539.904785
382	0.762000	540.693726
383	0.764000	541.464294
384	0.766000	541.993042
385	0.768000	540.681824
386	0.770000	540.941284
387	0.772000	541.472168
388	0.774000	542.244751
389	0.776000	540.947388
390	0.778000	540.949463
391	0.780000	541.454773
392	0.782000	540.939453
393	0.784000	541.987061
394	0.786000	541.708496
395	0.788000	541.985657
396	0.790000	542.240845
397	0.792000	541.456055
398	0.794000	541.722168
399	0.796000	541.192200
400	0.798000	541.199524
401	0.800000	541.456360
402	0.802000	541.451050
403	0.804000	541.456177
404	0.806000	541.200317
405	0.808000	541.449707
406	0.810000	540.932678
407	0.812000	541.194214
408	0.814000	540.936890
409	0.816000	540.929199
410	0.818000	540.408081
411	0.820000	541.194763
412	0.822000	540.153809
413	0.824000	540.405457
414	0.826000	540.147949
415	0.828000	540.413208
416	0.830000	540.936279
417	0.832000	540.153809
418	0.834000	540.925720
419	0.836000	540.923584
420	0.838000	540.414185
421	0.840000	539.883606
422	0.842000	539.888916
423	0.844000	539.627441
424	0.846000	540.151733
425	0.848000	539.627808
426	0.850000	539.889526
427	0.852000	540.147888
428	0.854000	539.885376
429	0.856000	539.885132
430	0.858000	539.622620
431	0.860000	539.373291
432	0.862000	539.883057
433	0.864000	539.357544
434	0.866000	540.139038
435	0.868000	540.142090
436	0.870000	539.624268
437	0.872000	540.153076
438	0.874000	539.878662
439	0.876000	539.104248
440	0.878000	539.096313
441	0.880000	539.367065
442	0.882000	539.366333
443	0.884000	539.618652
444	0.886000	540.158813
445	0.888000	539.105652
446	0.890000	539.112244
447	0.892000	540.154968
448	0.894000	539.630615
449	0.896000	540.148438
450	0.898000	539.890137
451	0.900000	539.622864
452	0.902000	539.372437
453	0.904000	539.627808
454	0.906000	539.617432
455	0.908000	539.355347
456	0.910000	539.362793
457	0.912000	540.144348
458	0.914000	539.874512
459	0.916000	540.670898
460	0.918000	540.140869
461	0.920000	539.878662
462	0.922000	540.666138
463	0.924000	540.141235
464	0.926000	541.185059
465	0.928000	540.411987
466	0.930000	540.661499
467	0.932000	539.894531
468	0.934000	540.404297
469	0.936000	540.403809
470	0.938000	540.921631
471	0.940000	540.667175
472	0.942000	540.150635
473	0.944000	540.406372
474	0.946000	539.890991
475	0.948000	540.150391
476	0.950000	540.402527
477	0.952000	540.408203
478	0.954000	540.153931
479	0.956000	540.145386
480	0.958000	540.155029
481	0.960000	540.146484
482	0.962000	539.899292
483	0.964000	539.636597
484	0.966000	540.409363
485	0.968000	540.678101
486	0.970000	540.407104
487	0.972000	540.402588
488	0.974000	540.673950
489	0.976000	540.670532
490	0.978000	540.920776
491	0.980000	541.189087
492	0.982000	541.196411
493	0.984000	540.926941
494	0.986000	541.451294
495	0.988000	541.187317
496	0.990000	541.713013
497	0.992000	541.449524
498	0.994000	541.449463
499	0.996000	541.199463
500	0.998000	541.971680
501	1.000000	541.719971
502	1.002000	541.976746
503	1.004000	541.977295
504	1.006000	541.447510
505	1.008000	541.205566
506	1.010000	541.723877
507	1.012000	541.461975
508	1.014000	541.463074
509	1.016000	541.459290
510	1.018000	540.943359
511	1.020000	541.195557
512	1.022000	541.459900
513	1.024000	540.942261
514	1.026000	540.695435
515	1.028000	541.188843
516	1.030000	540.948853
517	1.032000	540.156006
518	1.034000	540.166626
519	1.036000	540.170227
520	1.038000	539.910889
521	1.040000	540.168457
522	1.042000	539.656860
523	1.044000	540.175720
524	1.046000	539.387512
525	1.048000	539.130615
526	1.050000	539.390259
527	1.052000	539.656372
528	1.054000	540.175903
529	1.056000	540.443604
530	1.058000	539.389526
531	1.060000	540.179810
532	1.062000	539.397583
533	1.064000	539.660400
534	1.066000	538.356567
535	1.068000	538.361206
536	1.070000	539.127075
537	1.072000	539.399536
538	1.074000	539.145569
539	1.076000	538.889282
540	1.078000	539.135254
541	1.080000	538.877808
542	1.082000	539.407898
543	1.084000	539.153076
544	1.086000	539.145874
545	1.088000	538.616333
546	1.090000	538.879150
547	1.092000	538.627808
548	1.094000	538.622559
549	1.096000	539.911621
550	1.098000	539.920166
551	1.100000	539.391357
552	1.102000	540.180054
553	1.104000	538.352722
554	1.106000	538.875061
555	1.108000	539.141968
556	1.110000	538.883972
557	1.112000	539.142944
558	1.114000	539.130859
559	1.116000	539.402100
560	1.118000	539.126343
561	1.120000	539.412476
562	1.122000	539.137268
563	1.124000	539.661011
564	1.126000	539.154114
565	1.128000	539.925903
566	1.130000	539.662415
567	1.132000	540.179810
568	1.134000	539.661987
569	1.136000	540.448975
570	1.138000	539.660156
571	1.140000	539.149109
572	1.142000	539.925171
573	1.144000	539.934692
574	1.146000	540.193970
575	1.148000	539.660522
576	1.150000	539.141235
577	1.152000	540.443787
578	1.154000	539.156372
579	1.156000	539.674744
580	1.158000	539.413147
581	1.160000	539.157104
582	1.162000	540.455200
583	1.164000	540.193726
584	1.166000	540.204224
585	1.168000	540.970764
586	1.170000	540.707886
587	1.172000	540.452637
588	1.174000	539.930908
589	1.176000	540.452637
590	1.178000	540.202515
591	1.180000	539.680176
592	1.182000	539.946411
593	1.184000	539.686646
594	1.186000	539.947021
595	1.188000	541.239746
596	1.190000	540.453918
597	1.192000	540.726318
598	1.194000	540.460388
599	1.196000	540.714111
600	1.198000	541.511108
601	1.200000	541.239014
602	1.202000	541.245544
603	1.204000	540.462952
604	1.206000	540.977661
605	1.208000	540.454529
606	1.210000	540.972656
607	1.212000	540.197693
608	1.214000	540.973145
609	1.216000	541.500488
610	1.218000	541.246460
611	1.220000	540.981567
612	1.222000	540.203918
613	1.224000	540.454102
614	1.226000	540.720093
615	1.228000	541.237305
616	1.230000	540.729248
617	1.232000	540.726196
618	1.234000	541.502075
619	1.236000	541.245728
620	1.238000	540.991211
621	1.240000	541.776733
622	1.242000	541.775330
623	1.244000	540.479065
624	1.246000	540.994629
625	1.248000	540.988464
626	1.250000	541.256348
627	1.252000	540.486389
628	1.254000	540.490845
629	1.256000	539.959961
630	1.258000	539.958374
631	1.260000	540.218872
632	1.262000	540.213623
633	1.264000	539.956665
634	1.266000	539.708862
635	1.268000	539.186401
636	1.270000	539.967163
637	1.272000	539.703674
638	1.274000	538.668640
639	1.276000	538.402954
640	1.278000	538.924194
641	1.280000	539.192871
642	1.282000	539.191650
643	1.284000	538.142578
644	1.286000	539.711487
645	1.288000	539.700500
646	1.290000	539.440063
647	1.292000	539.705383
648	1.294000	539.447144
649	1.296000	539.434204
650	1.298000	539.180664
651	1.300000	539.452393
652	1.302000	538.918823
653	1.304000	539.454651
654	1.306000	539.959106
655	1.308000	539.441895
656	1.310000	539.951965
657	1.312000	539.437500
658	1.314000	539.444519
659	1.316000	539.179810
660	1.318000	540.228638
661	1.320000	539.171692
662	1.322000	539.426880
663	1.324000	540.219482
664	1.326000	540.479858
665	1.328000	540.737610
666	1.330000	540.733521
667	1.332000	541.260620
668	1.334000	540.743164
669	1.336000	540.738159
670	1.338000	540.734741
671	1.340000	540.473511
672	1.342000	540.216309
673	1.344000	540.742310
674	1.346000	540.747009
675	1.348000	540.749756
676	1.350000	539.975952
677	1.352000	540.486206
678	1.354000	539.968872
679	1.356000	540.218262
680	1.358000	541.527771
681	1.360000	542.049072
682	1.362000	541.279846
683	1.364000	541.281250
684	1.366000	540.743164
685	1.368000	540.490845
686	1.370000	540.745239
687	1.372000	540.220947
688	1.374000	540.738525
689	1.376000	541.260498
690	1.378000	540.740540
691	1.380000	540.223145
692	1.382000	539.959351
693	1.384000	539.952881
694	1.386000	540.729004
695	1.388000	540.464417
696	1.390000	540.215088
697	1.392000	540.464417
698	1.394000	540.466125
699	1.396000	540.728516
700	1.398000	540.994995
701	1.400000	540.208618
702	1.402000	540.735229
703	1.404000	540.478882
704	1.406000	540.202393
705	1.408000	540.998779
706	1.410000	541.518677
707	1.412000	540.194946
708	1.414000	540.737305
709	1.416000	539.955811
710	1.418000	539.435913
711	1.420000	540.728394
712	1.422000	539.949829
713	1.424000	540.213135
714	1.426000	540.209900
715	1.428000	540.207336
716	1.430000	540.740601
717	1.432000	541.004028
718	1.434000	540.739380
719	1.436000	540.999023
720	1.438000	540.225830
721	1.440000	540.995239
722	1.442000	540.737610
723	1.444000	540.473877
724	1.446000	540.740540
725	1.448000	540.471436
726	1.450000	541.252563
727	1.452000	540.472107
728	1.454000	540.479553
729	1.456000	541.005798
730	1.458000	539.694580
731	1.460000	540.215576
732	1.462000	540.484436
733	1.464000	540.992554
734	1.466000	541.516846
735	1.468000	540.998169
736	1.470000	541.792969
737	1.472000	540.218689
738	1.474000	540.991516
739	1.476000	540.991272
740	1.478000	541.255615
741	1.480000	540.482666
742	1.482000	540.997192
743	1.484000	541.521973
744	1.486000	541.520203
745	1.488000	542.036194
746	1.490000	541.774658
747	1.492000	541.256104
748	1.494000	541.792969
749	1.496000	541.265320
750	1.498000	541.516113
751	1.500000	541.264648
752	1.502000	541.522583
753	1.504000	542.308960
754	1.506000	541.013916
755	1.508000	541.533325
756	1.510000	540.750854
757	1.512000	540.749023
758	1.514000	540.251343
759	1.516000	540.489502
760	1.518000	539.461426
761	1.520000	540.495728
762	1.522000	539.710938
763	1.524000	540.770874
764	1.526000	540.488647
765	1.528000	540.496765
766	1.530000	541.280029
767	1.532000	539.972290
768	1.534000	540.248047
769	1.536000	539.710266
770	1.538000	538.921082
771	1.540000	539.980835
772	1.542000	539.976196
773	1.544000	540.769043
774	1.546000	539.457031
775	1.548000	539.705017
776	1.550000	539.721863
777	1.552000	539.200073
778	1.554000	539.454346
779	1.556000	539.715332
780	1.558000	540.235046
781	1.560000	540.502747
782	1.562000	539.703003
783	1.564000	540.230469
784	1.566000	540.486877
785	1.568000	540.492126
786	1.570000	539.704834
787	1.572000	540.487488
788	1.574000	540.742432
789	1.576000	540.749146
790	1.578000	540.741455
791	1.580000	539.968262
792	1.582000	539.946533
793	1.584000	539.955566
794	1.586000	541.008179
795	1.588000	540.742065
796	1.590000	539.951782
797	1.592000	540.745361
798	1.594000	540.741455
799	1.596000	540.747681
800	1.598000	540.734253
801	1.600000	539.700195
802	1.602000	539.958618
803	1.604000	540.484924
804	1.606000	540.731567
805	1.608000	539.689941
806	1.610000	540.991760
807	1.612000	540.466675
808	1.614000	539.693726
809	1.616000	539.693970
810	1.618000	539.423767
811	1.620000	539.940063
812	1.622000	540.205505
813	1.624000	539.431152
814	1.626000	539.683411
815	1.628000	540.195801
816	1.630000	539.680908
817	1.632000	539.676025
818	1.634000	539.676025
819	1.636000	539.406494
820	1.638000	539.931519
821	1.640000	539.931946
822	1.642000	539.918579
823	1.644000	540.184631
824	1.646000	539.653076
825	1.648000	539.656982
826	1.650000	539.396118
827	1.652000	539.913574
828	1.654000	539.910828
829	1.656000	539.133911
830	1.658000	540.173706
831	1.660000	540.421814
832	1.662000	539.118347
833	1.664000	539.375488
834	1.666000	540.419800
835	1.668000	539.122375
836	1.670000	539.895996
837	1.672000	539.375610
838	1.674000	540.157349
839	1.676000	540.164063
840	1.678000	540.158081
841	1.680000	539.893921
842	1.682000	539.629883
843	1.684000	539.629333
844	1.686000	539.640381
845	1.688000	539.638184
846	1.690000	539.890137
847	1.692000	540.155518
848	1.694000	539.635193
849	1.696000	540.154175
850	1.698000	539.897156
851	1.700000	539.880981
852	1.702000	539.879517
853	1.704000	540.409424
854	1.706000	540.411133
855	1.708000	540.399719
856	1.710000	540.397827
857	1.712000	540.402588
858	1.714000	540.402954
859	1.716000	541.695068
860	1.718000	540.908569
861	1.720000	541.686768
862	1.722000	541.437134
863	1.724000	541.943359
864	1.726000	541.433228
865	1.728000	541.688293
866	1.730000	541.957397
867	1.732000	542.214355
868	1.734000	541.697021
869	1.736000	541.434448
870	1.738000	541.693420
871	1.740000	541.957397
872	1.742000	541.177795
873	1.744000	540.915161
874	1.746000	541.955566
875	1.748000	540.925049
876	1.750000	541.441528
877	1.752000	540.659241
878	1.754000	540.390198
879	1.756000	540.395142
880	1.758000	540.650269
881	1.760000	540.394775
882	1.762000	539.874756
883	1.764000	540.128113
884	1.766000	540.394775
885	1.768000	538.818115
886	1.770000	539.339355
887	1.772000	539.091309
888	1.774000	539.343994
889	1.776000	540.135132
890	1.778000	539.865234
891	1.780000	539.332886
892	1.782000	539.865845
893	1.784000	540.386292
894	1.786000	539.083496
895	1.788000	539.865234
896	1.790000	540.380981
897	1.792000	539.853638
898	1.794000	539.863159
899	1.796000	540.125977
900	1.798000	540.130859
901	1.800000	539.858643
902	1.802000	540.633423
903	1.804000	540.127014
904	1.806000	540.125977
905	1.808000	540.378540
906	1.810000	540.632874
907	1.812000	539.865234
908	1.814000	540.893433
909	1.816000	540.644958
910	1.818000	540.114746
911	1.820000	540.900391
912	1.822000	540.129822
913	1.824000	539.857666
914	1.826000	539.592163
915	1.828000	540.643127
916	1.830000	540.390015
917	1.832000	540.121948
918	1.834000	539.859863
919	1.836000	540.381470
920	1.838000	539.855103
921	1.840000	540.642456
922	1.842000	539.340515
923	1.844000	540.116028
924	1.846000	540.379150
925	1.848000	540.114014
926	1.850000	540.124512
927	1.852000	539.594116
928	1.854000	539.851685
929	1.856000	540.379639
930	1.858000	540.112183
931	1.860000	539.857300
932	1.862000	539.336060
933	1.864000	539.843750
934	1.866000	539.070618
935	1.868000	540.371826
936	1.870000	539.591797
937	1.872000	539.849731
938	1.874000	539.858826
939	1.876000	539.849609
940	1.878000	539.327515
941	1.880000	539.331299
942	1.882000	539.851990
943	1.884000	539.327271
944	1.886000	538.816650
945	1.888000	539.326355
946	1.890000	539.594849
947	1.892000	540.373047
948	1.894000	539.598633
949	1.896000	539.582764
950	1.898000	540.095215
951	1.900000	540.362671
952	1.902000	540.355591
953	1.904000	540.099854
954	1.906000	540.883667
955	1.908000	540.100220
956	1.910000	540.884827
957	1.912000	540.624268
958	1.914000	539.845337
959	1.916000	540.095215
960	1.918000	540.881836
961	1.920000	541.400146
962	1.922000	541.918091
963	1.924000	541.140015
964	1.926000	541.403687
965	1.928000	541.401123
966	1.930000	541.649170
967	1.932000	540.871460
968	1.934000	541.137573
969	1.936000	540.870178
970	1.938000	540.876831
971	1.940000	541.389526
972	1.942000	540.876038
973	1.944000	541.131714
974	1.946000	540.611938
975	1.948000	540.601379
976	1.950000	540.613037
977	1.952000	540.609192
978	1.954000	541.390564
979	1.956000	540.349121
980	1.958000	540.084167
981	1.960000	540.350159
982	1.962000	540.332275
983	1.964000	540.343872
984	1.966000	540.333618
985	1.968000	540.603882
986	1.970000	540.341370
987	1.972000	540.868164
988	1.974000	541.120422
989	1.976000	540.594177
990	1.978000	540.594727
991	1.980000	540.591919
992	1.982000	541.389954
993	1.984000	541.121338
994	1.986000	541.381409
995	1.988000	540.859253
996	1.990000	541.121338
997	1.992000	540.870850
998	1.994000	540.857605
999	1.996000	540.354248
1000	1.998000	540.612305
1001	2.000000	540.341370
1002	2.002000	540.855835
1003	2.004000	540.340454
1004	2.006000	540.614380
1005	2.008000	540.343079
1006	2.010000	540.079590
1007	2.012000	540.332153
1008	2.014000	540.864258
1009	2.016000	540.339722
1010	2.018000	540.866272
1011	2.020000	540.079590
1012	2.022000	539.827026
1013	2.024000	539.555420
1014	2.026000	539.818542
1015	2.028000	539.563110
1016	2.030000	539.565430
1017	2.032000	539.563721
1018	2.034000	539.832947
1019	2.036000	539.818848
1020	2.038000	539.551880
1021	2.040000	539.300232
1022	2.042000	539.296997
1023	2.044000	539.555176
1024	2.046000	539.035400
1025	2.048000	540.067932
1026	2.050000	539.805176
1027	2.052000	539.811401
1028	2.054000	539.809631
1029	2.056000	539.815308
1030	2.058000	539.553711
1031	2.060000	539.547974
1032	2.062000	540.333862
1033	2.064000	540.599304
1034	2.066000	540.597412
1035	2.068000	539.807495
1036	2.070000	539.806641
1037	2.072000	540.325684
1038	2.074000	539.281311
1039	2.076000	540.330627
1040	2.078000	539.283691
1041	2.080000	540.335693
1042	2.082000	539.284973
1043	2.084000	540.052795
1044	2.086000	540.061768
1045	2.088000	540.318970
1046	2.090000	539.014648
1047	2.092000	539.796509
1048	2.094000	539.791382
1049	2.096000	539.277039
1050	2.098000	538.490112
1051	2.100000	539.532593
1052	2.102000	540.054199
1053	2.104000	539.522705
1054	2.106000	539.778503
1055	2.108000	540.040588
1056	2.110000	540.038208
1057	2.112000	540.040283
1058	2.114000	539.783508
1059	2.116000	541.065979
1060	2.118000	540.280151
1061	2.120000	540.021667
1062	2.122000	540.280762
1063	2.124000	539.749146
1064	2.126000	538.976318
1065	2.128000	539.239014
1066	2.130000	538.978394
1067	2.132000	539.489502
1068	2.134000	539.232422
1069	2.136000	539.744324
1070	2.138000	539.991211
1071	2.140000	539.733643
1072	2.142000	539.211060
1073	2.144000	540.771729
1074	2.146000	539.988892
1075	2.148000	540.500122
1076	2.150000	540.750488
1077	2.152000	540.226501
1078	2.154000	540.751343
1079	2.156000	539.176514
1080	2.158000	539.682922
1081	2.160000	539.162598
1082	2.162000	539.154480
1083	2.164000	538.633057
1084	2.166000	539.144409
1085	2.168000	538.868652
1086	2.170000	539.114014
1087	2.172000	538.596069
1088	2.174000	537.808228
1089	2.176000	538.065247
1090	2.178000	537.520813
1091	2.180000	536.731201
1092	2.182000	536.973022
1093	2.184000	536.447998
1094	2.186000	536.174133
1095	2.188000	534.856323
1096	2.190000	533.799255
1097	2.192000	533.010010
1098	2.194000	531.938660
1099	2.196000	531.921814
1100	2.198000	530.864258
1101	2.200000	530.329285
1102	2.202000	529.523682
1103	2.204000	528.979126
1104	2.206000	528.951416
1105	2.208000	527.377686
1106	2.210000	526.824280
1107	2.212000	526.795593
1108	2.214000	524.686096
1109	2.216000	525.187012
1110	2.218000	524.889221
1111	2.220000	523.819031
1112	2.222000	523.005249
1113	2.224000	524.006104
1114	2.226000	522.672668
1115	2.228000	521.598877
1116	2.230000	521.302551
1117	2.232000	520.212097
1118	2.234000	518.358582
1119	2.236000	517.022095
1120	2.238000	514.907227
1121	2.240000	513.835876
1122	2.242000	511.456421
1123	2.244000	509.854340
1124	2.246000	506.440460
1125	2.248000	504.837158
1126	2.250000	501.946655
1127	2.252000	498.534210
1128	2.254000	494.605011
1129	2.256000	492.751892
1130	2.258000	488.824646
1131	2.260000	484.890961
1132	2.262000	479.917603
1133	2.264000	474.419800
1134	2.266000	469.722015
1135	2.268000	464.488220
1136	2.270000	460.042053
1137	2.272000	454.568665
1138	2.274000	448.829163
1139	2.276000	442.039185
1140	2.278000	435.788330
1141	2.280000	429.006958
1142	2.282000	423.023987
1143	2.284000	415.468811
1144	2.286000	410.009094
1145	2.288000	403.507385
1146	2.290000	396.755768
1147	2.292000	390.002136
1148	2.294000	382.993073
1149	2.296000	375.202637
1150	2.298000	366.373901
1151	2.300000	359.377197
1152	2.302000	350.815277
1153	2.304000	341.983948
1154	2.306000	333.697723
1155	2.308000	324.374786
1156	2.310000	315.825684
1157	2.312000	306.779907
1158	2.314000	297.438019
1159	2.316000	287.345337
1160	2.318000	278.541931
1161	2.320000	268.984650
1162	2.322000	261.246094
1163	2.324000	252.199921
1164	2.326000	243.676331
1165	2.328000	234.371063
1166	2.330000	226.886856
1167	2.332000	219.152161
1168	2.334000	212.191574
1169	2.336000	203.936127
1170	2.338000	197.766525
1171	2.340000	191.575745
1172	2.342000	186.424133
1173	2.344000	180.759750
1174	2.346000	176.396454
1175	2.348000	171.760498
1176	2.350000	168.153976
1177	2.352000	165.315338
1178	2.354000	163.782028
1179	2.356000	162.755005
1180	2.358000	160.692047
1181	2.360000	161.489914
1182	2.362000	160.719086
1183	2.364000	159.941742
1184	2.366000	159.173599
1185	2.368000	159.429581
1186	2.370000	159.680389
1187	2.372000	160.442047
1188	2.374000	161.461548
1189	2.376000	163.271423
1190	2.378000	165.576111
1191	2.380000	168.148636
1192	2.382000	169.929016
1193	2.384000	172.502686
1194	2.386000	175.321625
1195	2.388000	178.921875
1196	2.390000	181.214813
1197	2.392000	184.290283
1198	2.394000	185.035263
1199	2.396000	187.342010
1200	2.398000	188.879166
1201	2.400000	190.412292
1202	2.402000	190.143753
1203	2.404000	190.646271
1204	2.406000	190.379822
1205	2.408000	191.154465
1206	2.410000	190.643280
1207	2.412000	190.647339
1208	2.414000	190.655075
1209	2.416000	189.642944
1210	2.418000	190.980255
1211	2.420000	189.169586
1212	2.422000	189.716461
1213	2.424000	188.711578
1214	2.426000	189.264755
1215	2.428000	189.539780
1216	2.430000	190.630966
1217	2.432000	191.954086
1218	2.434000	193.043365
1219	2.436000	194.376495
1220	2.438000	196.220215
1221	2.440000	198.329071
1222	2.442000	201.992493
1223	2.444000	204.882416
1224	2.446000	209.320435
1225	2.448000	215.312332
1226	2.450000	222.366211
1227	2.452000	229.400894
1228	2.454000	236.956696
1229	2.456000	245.025635
1230	2.458000	253.360794
1231	2.460000	262.462097
1232	2.462000	271.824249
1233	2.464000	281.442841
1234	2.466000	291.312195
1235	2.468000	301.200836
1236	2.470000	311.084564
1237	2.472000	321.231110
1238	2.474000	331.107178
1239	2.476000	341.254822
1240	2.478000	352.196838
1241	2.480000	362.602234
1242	2.482000	373.275208
1243	2.484000	384.205170
1244	2.486000	396.177979
1245	2.488000	407.120117
1246	2.490000	417.527374
1247	2.492000	429.781555
1248	2.494000	439.678711
1249	2.496000	451.677826
1250	2.498000	463.414368
1251	2.500000	474.368530
1252	2.502000	486.387756
1253	2.504000	496.839172
1254	2.506000	506.518311
1255	2.508000	515.407654
1256	2.510000	525.074524
1257	2.512000	533.966309
1258	2.514000	543.394775
1259	2.516000	552.819336
1260	2.518000	562.483276
1261	2.520000	573.461426
1262	2.522000	583.906372
1263	2.524000	593.566528
1264	2.526000	603.498962
1265	2.528000	612.625488
1266	2.530000	623.848572
1267	2.532000	633.765564
1268	2.534000	643.143005
1269	2.536000	653.057800
1270	2.538000	664.009521
1271	2.540000	674.949951
1272	2.542000	686.949219
1273	2.544000	698.401123
1274	2.546000	709.601379
1275	2.548000	721.305115
1276	2.550000	732.245239
1277	2.552000	741.879028
1278	2.554000	752.825623
1279	2.556000	761.159546
1280	2.558000	770.282593
1281	2.560000	778.894592
1282	2.562000	786.200439
1283	2.564000	794.546143
1284	2.566000	802.353394
1285	2.568000	810.699036
1286	2.570000	817.222534
1287	2.572000	824.777527
1288	2.574000	831.826782
1289	2.576000	838.860168
1290	2.578000	844.600464
1291	2.580000	851.122925
1292	2.582000	857.122070
1293	2.584000	862.332214
1294	2.586000	867.557861
1295	2.588000	872.503784
1296	2.590000	876.669189
1297	2.592000	878.789795
1298	2.594000	882.430054
1299	2.596000	887.600342
1300	2.598000	891.752930
1301	2.600000	896.670532
1302	2.602000	901.077148
1303	2.604000	905.749451
1304	2.606000	910.170410
1305	2.608000	915.614929
1306	2.610000	920.282959
1307	2.612000	924.695557
1308	2.614000	929.366943
1309	2.616000	934.030090
1310	2.618000	938.442505
1311	2.620000	942.593201
1312	2.622000	947.293030
1313	2.624000	951.184326
1314	2.626000	956.360107
1315	2.628000	961.057983
1316	2.630000	965.469727
1317	2.632000	969.641968
1318	2.634000	974.584106
1319	2.636000	978.489502
1320	2.638000	982.920410
1321	2.640000	986.577148
1322	2.642000	988.925049
1323	2.644000	992.595947
1324	2.646000	994.685547
1325	2.648000	997.049438
1326	2.650000	1000.179382
1327	2.652000	1002.804688
1328	2.654000	1004.912354
1329	2.656000	1008.053589
1330	2.658000	1011.198059
1331	2.660000	1013.816650
1332	2.662000	1016.967407
1333	2.664000	1018.793335
1334	2.666000	1019.862549
1335	2.668000	1023.258301
1336	2.670000	1025.073853
1337	2.672000	1027.183472
1338	2.674000	1029.010010
1339	2.676000	1032.397339
1340	2.678000	1035.005859
1341	2.680000	1036.058594
1342	2.682000	1038.936646
1343	2.684000	1040.503296
1344	2.686000	1041.811035
1345	2.688000	1043.122070
1346	2.690000	1044.952271
1347	2.692000	1044.713379
1348	2.694000	1046.533936
1349	2.696000	1046.543945
1350	2.698000	1046.807983
1351	2.700000	1047.078735
1352	2.702000	1046.317017
1353	2.704000	1046.332764
1354	2.706000	1045.584106
1355	2.708000	1045.077759
1356	2.710000	1044.566162
1357	2.712000	1043.044922
1358	2.714000	1040.460449
1359	2.716000	1038.392212
1360	2.718000	1036.081421
1361	2.720000	1033.760864
1362	2.722000	1031.712646
1363	2.724000	1029.137695
1364	2.726000	1027.600464
1365	2.728000	1024.240967
1366	2.730000	1021.684448
1367	2.732000	1019.625061
1368	2.734000	1016.008057
1369	2.736000	1012.657104
1370	2.738000	1009.032959
1371	2.740000	1006.468628
1372	2.742000	1003.379028
1373	2.744000	999.227661
1374	2.746000	996.124207
1375	2.748000	991.982544
1376	2.750000	988.877686
1377	2.752000	986.557617
1378	2.754000	983.196716
1379	2.756000	979.556213
1380	2.758000	976.695190
1381	2.760000	973.329346
1382	2.762000	969.942322
1383	2.764000	966.055054
1384	2.766000	961.890991
1385	2.768000	958.261963
1386	2.770000	954.872253
1387	2.772000	950.736206
1388	2.774000	949.631226
1389	2.776000	946.472534
1390	2.778000	943.339172
1391	2.780000	939.155518
1392	2.782000	936.271851
1393	2.784000	933.129517
1394	2.786000	929.468262
1395	2.788000	925.548706
1396	2.790000	923.199829
1397	2.792000	919.540771
1398	2.794000	915.637451
1399	2.796000	911.979492
1400	2.798000	908.581970
1401	2.800000	905.729736
1402	2.802000	901.288513
1403	2.804000	899.196289
1404	2.806000	895.289551
1405	2.808000	892.673279
1406	2.810000	889.531494
1407	2.812000	887.194275
1408	2.814000	884.033813
1409	2.816000	881.949097
1410	2.818000	879.582642
1411	2.820000	877.221313
1412	2.822000	875.137024
1413	2.824000	873.027832
1414	2.826000	870.144958
1415	2.828000	868.563721
1416	2.830000	866.728882
1417	2.832000	865.928589
1418	2.834000	864.083679
1419	2.836000	862.516846
1420	2.838000	861.447388
1421	2.840000	860.129944
1422	2.842000	860.115845
1423	2.844000	858.537964
1424	2.846000	857.235229
1425	2.848000	856.708069
1426	2.850000	855.385498
1427	2.852000	854.081909
1428	2.854000	853.023926
1429	2.856000	852.226929
1430	2.858000	852.481079
1431	2.860000	851.939209
1432	2.862000	852.452637
1433	2.864000	853.237122
1434	2.866000	852.963989
1435	2.868000	854.511658
1436	2.870000	855.298706
1437	2.872000	856.595215
1438	2.874000	858.937317
1439	2.876000	859.990723
1440	2.878000	862.606201
1441	2.880000	864.702637
1442	2.882000	866.816040
1443	2.884000	868.944946
1444	2.886000	871.066895
1445	2.888000	873.441833
1446	2.890000	875.824829
1447	2.892000	880.023193
1448	2.894000	884.743530
1449	2.896000	887.658936
1450	2.898000	892.142273
1451	2.900000	896.091675
1452	2.902000	900.595764
1453	2.904000	904.057007
1454	2.906000	907.257935
1455	2.908000	911.752686
1456	2.910000	914.684326
1457	2.912000	919.695679
1458	2.914000	923.664063
1459	2.916000	929.725586
1460	2.918000	933.954163
1461	2.920000	938.463318
1462	2.922000	942.194519
1463	2.924000	946.196045
1464	2.926000	949.413940
1465	2.928000	952.386230
1466	2.930000	954.314941
1467	2.932000	955.982727
1468	2.934000	958.424805
1469	2.936000	959.057129
1470	2.938000	960.974609
1471	2.940000	962.374268
1472	2.942000	963.257202
1473	2.944000	963.095825
1474	2.946000	964.729858
1475	2.948000	967.908569
1476	2.950000	972.358032
1477	2.952000	976.031738
1478	2.954000	977.651550
1479	2.956000	978.487549
1480	2.958000	975.148193
1481	2.960000	970.994751
1482	2.962000	965.278870
1483	2.964000	959.819214
1484	2.966000	954.623413
1485	2.968000	949.721924
1486	2.970000	941.938843
1487	2.972000	933.660156
1488	2.974000	923.553589
1489	2.976000	910.815552
1490	2.978000	896.526978
1491	2.980000	881.171753
1492	2.982000	865.274902
1493	2.984000	848.343140
1494	2.986000	830.125244
1495	2.988000	809.570068
1496	2.990000	787.175415
1497	2.992000	764.778870
1498	2.994000	739.260498
1499	2.996000	714.488770
1500	2.998000	685.534668
1501	3.000000	658.128967
1502	3.002000	630.963196
1503	3.004000	600.426208
1504	3.006000	567.790283
1505	3.008000	535.664063
1506	3.010000	501.184631
1507	3.012000	466.425476
1508	3.014000	431.681610
1509	3.016000	396.395844
1510	3.018000	360.047913
1511	3.020000	324.740906
1512	3.022000	291.512604
1513	3.024000	259.594025
1514	3.026000	197.508133
1515	3.028000	178.061752
1516	3.030000	158.099213
1517	3.032000	139.706299
1518	3.034000	120.780739
1519	3.036000	103.165543
1520	3.038000	87.135994
1521	3.040000	71.633286
1522	3.042000	57.698925
1523	3.044000	46.658939
1524	3.046000	0.000000
1525	3.048000	0.000000
1526	3.050000	0.000000
1527	3.052000	0.000000
1528	3.054000	0.000000
1529	3.056000	0.000000
1530	3.058000	0.000000
1531	3.060000	0.000000
1532	3.062000	0.000000
1533	3.064000	0.000000
1534	3.066000	0.000000
1535	3.068000	0.000000
1536	3.070000	0.000000
1537	3.072000	0.000000
1538	3.074000	0.000000
1539	3.076000	0.000000
1540	3.078000	0.000000
1541	3.080000	0.000000
1542	3.082000	0.000000
1543	3.084000	0.000000
1544	3.086000	0.000000
1545	3.088000	0.000000
1546	3.090000	0.000000
1547	3.092000	0.000000
1548	3.094000	0.000000
1549	3.096000	0.000000
1550	3.098000	0.000000
1551	3.100000	0.000000
1552	3.102000	0.000000
1553	3.104000	0.000000
1554	3.106000	0.000000
1555	3.108000	0.000000
1556	3.110000	0.000000
1557	3.112000	0.000000
1558	3.114000	0.000000
1559	3.116000	0.000000
1560	3.118000	0.000000
1561	3.120000	0.000000
1562	3.122000	0.000000
1563	3.124000	0.000000
1564	3.126000	0.000000
1565	3.128000	0.000000
1566	3.130000	0.000000
1567	3.132000	0.000000
1568	3.134000	0.000000
1569	3.136000	0.000000
1570	3.138000	0.000000
1571	3.140000	0.000000
1572	3.142000	0.000000
1573	3.144000	0.000000
1574	3.146000	0.000000
1575	3.148000	0.000000
1576	3.150000	0.000000
1577	3.152000	0.000000
1578	3.154000	0.000000
1579	3.156000	0.000000
1580	3.158000	0.000000
1581	3.160000	0.000000
1582	3.162000	0.000000
1583	3.164000	0.000000
1584	3.166000	0.000000
1585	3.168000	0.000000
1586	3.170000	0.000000
1587	3.172000	0.000000
1588	3.174000	0.000000
1589	3.176000	0.000000
1590	3.178000	0.000000
1591	3.180000	0.000000
1592	3.182000	0.000000
1593	3.184000	0.000000
1594	3.186000	0.000000
1595	3.188000	0.000000
1596	3.190000	0.000000
1597	3.192000	0.000000
1598	3.194000	0.000000
1599	3.196000	0.000000
1600	3.198000	0.000000
1601	3.200000	0.000000
1602	3.202000	0.000000
1603	3.204000	0.000000
1604	3.206000	0.000000
1605	3.208000	0.000000
1606	3.210000	0.000000
1607	3.212000	0.000000
1608	3.214000	0.000000
1609	3.216000	0.000000
1610	3.218000	0.000000
1611	3.220000	0.000000
1612	3.222000	0.000000
1613	3.224000	0.000000
1614	3.226000	0.000000
1615	3.228000	0.000000
1616	3.230000	0.000000
1617	3.232000	0.000000
1618	3.234000	0.000000
1619	3.236000	0.000000
1620	3.238000	0.000000
1621	3.240000	0.000000
1622	3.242000	0.000000
1623	3.244000	0.000000
1624	3.246000	0.000000
1625	3.248000	0.000000
1626	3.250000	0.000000
1627	3.252000	0.000000
1628	3.254000	0.000000
1629	3.256000	0.000000
1630	3.258000	0.000000
1631	3.260000	0.000000
1632	3.262000	0.000000
1633	3.264000	0.000000
1634	3.266000	0.000000
1635	3.268000	0.000000
1636	3.270000	0.000000
1637	3.272000	0.000000
1638	3.274000	0.000000
1639	3.276000	0.000000
1640	3.278000	0.000000
1641	3.280000	0.000000
1642	3.282000	0.000000
1643	3.284000	0.000000
1644	3.286000	0.000000
1645	3.288000	0.000000
1646	3.290000	0.000000
1647	3.292000	0.000000
1648	3.294000	0.000000
1649	3.296000	0.000000
1650	3.298000	0.000000
1651	3.300000	0.000000
1652	3.302000	0.000000
1653	3.304000	0.000000
1654	3.306000	0.000000
1655	3.308000	0.000000
1656	3.310000	0.000000
1657	3.312000	0.000000
1658	3.314000	0.000000
1659	3.316000	0.000000
1660	3.318000	0.000000
1661	3.320000	0.000000
1662	3.322000	0.000000
1663	3.324000	0.000000
1664	3.326000	0.000000
1665	3.328000	0.000000
1666	3.330000	0.000000
1667	3.332000	0.000000
1668	3.334000	0.000000
1669	3.336000	0.000000
1670	3.338000	0.000000
1671	3.340000	0.000000
1672	3.342000	0.000000
1673	3.344000	0.000000
1674	3.346000	0.000000
1675	3.348000	0.000000
1676	3.350000	0.000000
1677	3.352000	0.000000
1678	3.354000	0.000000
1679	3.356000	0.000000
1680	3.358000	0.000000
1681	3.360000	0.000000
1682	3.362000	0.000000
1683	3.364000	0.000000
1684	3.366000	0.000000
1685	3.368000	0.000000
1686	3.370000	0.000000
1687	3.372000	0.000000
1688	3.374000	0.000000
1689	3.376000	0.000000
1690	3.378000	0.000000
1691	3.380000	0.000000
1692	3.382000	0.000000
1693	3.384000	0.000000
1694	3.386000	0.000000
1695	3.388000	0.000000
1696	3.390000	0.000000
1697	3.392000	0.000000
1698	3.394000	0.000000
1699	3.396000	0.000000
1700	3.398000	0.000000
1701	3.400000	0.000000
1702	3.402000	0.000000
1703	3.404000	0.000000
1704	3.406000	49.891178
1705	3.408000	58.664009
1706	3.410000	55.783344
1707	3.412000	71.021263
1708	3.414000	84.022011
1709	3.416000	108.265121
1710	3.418000	149.264145
1711	3.420000	196.580856
1712	3.422000	247.840103
1713	3.424000	315.435974
1714	3.426000	403.811279
1715	3.428000	515.605774
1716	3.430000	504.700867
1717	3.432000	448.333740
1718	3.434000	428.628693
1719	3.436000	447.790619
1720	3.438000	499.335571
1721	3.440000	589.927002
1722	3.442000	708.949341
1723	3.444000	822.298035
1724	3.446000	917.173096
1725	3.448000	976.143005
1726	3.450000	1000.093994
1727	3.452000	1007.118286
1728	3.454000	1035.871094
1729	3.456000	1096.662598
1730	3.458000	1182.104492
1731	3.460000	1270.372803
1732	3.462000	1339.807251
1733	3.464000	1374.256958
1734	3.466000	1385.163086
1735	3.468000	1393.062256
1736	3.470000	1418.156982
1737	3.472000	1468.422485
1738	3.474000	1540.615723
1739	3.476000	1630.243042
1740	3.478000	1717.618286
1741	3.480000	1789.337646
1742	3.482000	1840.559814
1743	3.484000	1876.050171
1744	3.486000	1907.333008
1745	3.488000	1930.014526
1746	3.490000	1947.435547
1747	3.492000	1980.780640
1748	3.494000	2014.912842
1749	3.496000	2021.609863
1750	3.498000	1989.675659
1751	3.500000	1927.745361
1752	3.502000	1843.202637
1753	3.504000	1748.583252
1754	3.506000	1665.703369
1755	3.508000	1602.128174
1756	3.510000	1551.796387
1757	3.512000	1503.261841
1758	3.514000	1457.341675
1759	3.516000	1414.643799
1760	3.518000	1377.450562
1761	3.520000	1344.749512
1762	3.522000	1321.067627
1763	3.524000	1309.006592
1764	3.526000	1301.015869
1765	3.528000	1295.586914
1766	3.530000	1289.356201
1767	3.532000	1282.568115
1768	3.534000	1270.807861
1769	3.536000	1259.755859
1770	3.538000	1250.232910
1771	3.540000	1245.921387
1772	3.542000	1243.212891
1773	3.544000	1243.371826
1774	3.546000	1241.682617
1775	3.548000	1238.390015
1776	3.550000	1231.137573
1777	3.552000	1224.921509
1778	3.554000	1219.758545
1779	3.556000	1215.627441
1780	3.558000	1213.591675
1781	3.560000	1211.313965
1782	3.562000	1208.039551
1783	3.564000	1201.131104
1784	3.566000	1192.395996
1785	3.568000	1181.825684
1786	3.570000	1169.976563
1787	3.572000	1156.103516
1788	3.574000	1140.981934
1789	3.576000	1124.612305
1790	3.578000	1107.477539
1791	3.580000	1089.079834
1792	3.582000	1068.311523
1793	3.584000	1046.510254
1794	3.586000	1024.962402
1795	3.588000	1002.616760
1796	3.590000	980.286133
1797	3.592000	956.936890
1798	3.594000	933.333374
1799	3.596000	910.010498
1800	3.598000	885.123047
1801	3.600000	864.279541
1802	3.602000	840.611633
1803	3.604000	817.993896
1804	3.606000	795.119934
1805	3.608000	772.548828
1806	3.610000	750.730225
1807	3.612000	729.195435
1808	3.614000	707.132324
1809	3.616000	685.838989
1810	3.618000	664.558472
1811	3.620000	644.830078
1812	3.622000	625.870056
1813	3.624000	607.960083
1814	3.626000	590.303589
1815	3.628000	572.907776
1816	3.630000	556.806946
1817	3.632000	540.963928
1818	3.634000	525.626526
1819	3.636000	511.336578
1820	3.638000	497.036194
1821	3.640000	484.563110
1822	3.642000	471.304443
1823	3.644000	459.088196
1824	3.646000	448.959167
1825	3.648000	435.960571
1826	3.650000	425.825195
1827	3.652000	415.188019
1828	3.654000	404.251953
1829	3.656000	394.377014
1830	3.658000	385.017853
1831	3.660000	376.428528
1832	3.662000	367.594849
1833	3.664000	360.051941
1834	3.666000	351.979431
1835	3.668000	345.230804
1836	3.670000	337.434021
1837	3.672000	330.681030
1838	3.674000	324.696625
1839	3.676000	318.453186
1840	3.678000	312.991211
1841	3.680000	308.572693
1842	3.682000	303.626862
1843	3.684000	298.683228
1844	3.686000	295.059662
1845	3.688000	290.900421
1846	3.690000	288.309509
1847	3.692000	285.990784
1848	3.694000	283.913940
1849	3.696000	282.109039
1850	3.698000	280.571472
1851	3.700000	279.797333
1852	3.702000	277.740356
1853	3.704000	276.735107
1854	3.706000	276.512299
1855	3.708000	275.239227
1856	3.710000	274.740295
1857	3.712000	275.300079
1858	3.714000	276.357758
1859	3.716000	277.942902
1860	3.718000	280.561188
1861	3.720000	282.137756
1862	3.722000	284.224579
1863	3.724000	287.371643
1864	3.726000	290.255432
1865	3.728000	292.330170
1866	3.730000	294.945923
1867	3.732000	298.329407
1868	3.734000	303.010742
1869	3.736000	305.857727
1870	3.738000	310.291626
1871	3.740000	315.229187
1872	3.742000	319.913422
1873	3.744000	325.116455
1874	3.746000	331.354126
1875	3.748000	337.857300
1876	3.750000	344.615051
1877	3.752000	352.417847
1878	3.754000	359.972717
1879	3.756000	368.298584
1880	3.758000	376.608643
1881	3.760000	384.675720
1882	3.762000	392.741150
1883	3.764000	401.851624
1884	3.766000	410.688782
1885	3.768000	419.011414
1886	3.770000	428.364899
1887	3.772000	437.468323
1888	3.774000	447.098206
1889	3.776000	456.204346
1890	3.778000	465.831909
1891	3.780000	475.476318
1892	3.782000	483.799377
1893	3.784000	491.862488
1894	3.786000	500.483093
1895	3.788000	507.261322
1896	3.790000	514.306641
1897	3.792000	519.522339
1898	3.794000	525.256165
1899	3.796000	530.494751
1900	3.798000	535.718628
1901	3.800000	541.205139
1902	3.802000	545.903259
1903	3.804000	549.038879
1904	3.806000	554.003662
1905	3.808000	557.146851
1906	3.810000	560.808044
1907	3.812000	563.677551
1908	3.814000	566.297363
1909	3.816000	568.394714
1910	3.818000	569.707397
1911	3.820000	570.995422
1912	3.822000	572.577026
1913	3.824000	574.120728
1914	3.826000	575.419250
1915	3.828000	577.509399
1916	3.830000	578.802063
1917	3.832000	580.628540
1918	3.834000	582.713013
1919	3.836000	584.282471
1920	3.838000	585.840210
1921	3.840000	586.095825
1922	3.842000	587.654480
1923	3.844000	589.475098
1924	3.846000	590.250610
1925	3.848000	589.720581
1926	3.850000	591.008911
1927	3.852000	592.066711
1928	3.854000	591.288269
1929	3.856000	589.450317
1930	3.858000	587.885742
1931	3.860000	587.884644
1932	3.862000	586.324890
1933	3.864000	584.501648
1934	3.866000	582.933411
1935	3.868000	581.376221
1936	3.870000	579.561462
1937	3.872000	576.699951
1938	3.874000	574.614258
1939	3.876000	571.757385
1940	3.878000	568.899780
1941	3.880000	565.525269
1942	3.882000	562.671326
1943	3.884000	559.028442
1944	3.886000	556.706604
1945	3.888000	553.327637
1946	3.890000	550.209167
1947	3.892000	547.343628
1948	3.894000	545.010864
1949	3.896000	542.157410
1950	3.898000	540.350159
1951	3.900000	537.487061
1952	3.902000	534.620972
1953	3.904000	533.601440
1954	3.906000	531.786011
1955	3.908000	529.711426
1956	3.910000	528.144653
1957	3.912000	526.319763
1958	3.914000	525.021362
1959	3.916000	525.282288
1960	3.918000	523.723267
1961	3.920000	522.679199
1962	3.922000	521.893677
1963	3.924000	520.858276
1964	3.926000	519.276123
1965	3.928000	518.758362
1966	3.930000	517.701416
1967	3.932000	517.447693
1968	3.934000	517.440308
1969	3.936000	516.399780
1970	3.938000	515.874817
1971	3.940000	514.831177
1972	3.942000	514.309692
1973	3.944000	512.740479
1974	3.946000	512.201843
1975	3.948000	512.467773
1976	3.950000	512.451233
1977	3.952000	512.963623
1978	3.954000	512.445313
1979	3.956000	512.443481
1980	3.958000	512.694153
1981	3.960000	513.201660
1982	3.962000	511.889954
1983	3.964000	511.634277
1984	3.966000	512.401550
1985	3.968000	511.867676
1986	3.970000	512.382996
1987	3.972000	512.645142
1988	3.974000	512.379089
1989	3.976000	512.890625
1990	3.978000	512.365173
1991	3.980000	512.877625
1992	3.982000	512.868530
1993	3.984000	513.385071
1994	3.986000	513.100647
1995	3.988000	514.130127
1996	3.990000	514.107056
1997	3.992000	515.400635
1998	3.994000	516.688232
1999	3.996000	517.452942
2000	3.998000	519.268494
2001	4.000000	520.033081
2002	4.002000	521.840393
2003	4.004000	522.866028
2004	4.006000	525.465759
2005	4.008000	526.230957
2006	4.010000	528.046814
2007	4.012000	529.070251
2008	4.014000	530.880737
2009	4.016000	532.178711
2010	4.018000	533.467957
2011	4.020000	535.014404
2012	4.022000	536.570068
2013	4.024000	537.343201
2014	4.026000	538.891663
2015	4.028000	539.923889
2016	4.030000	542.003113
2017	4.032000	543.040955
2018	4.034000	544.335022
2019	4.036000	545.616150
2020	4.038000	547.198242
2021	4.040000	547.715210
2022	4.042000	549.009583
2023	4.044000	549.530884
2024	4.046000	550.560547
2025	4.048000	551.094849
2026	4.050000	550.051758
2027	4.052000	550.840820
2028	4.054000	550.554749
2029	4.056000	551.338501
2030	4.058000	550.291382
2031	4.060000	550.552063
2032	4.062000	550.284119
2033	4.064000	549.243774
2034	4.066000	549.488403
2035	4.068000	549.230042
2036	4.070000	547.910645
2037	4.072000	548.426086
2038	4.074000	547.369507
2039	4.076000	546.852600
2040	4.078000	547.368164
2041	4.080000	547.347412
2042	4.082000	546.561096
2043	4.084000	546.285889
2044	4.086000	545.508301
2045	4.088000	546.267212
2046	4.090000	545.480347
2047	4.092000	545.198486
2048	4.094000	544.681885
2049	4.096000	545.456360
2050	4.098000	544.922607
2051	4.100000	544.119446
2052	4.102000	544.646729
2053	4.104000	544.889038
2054	4.106000	544.891174
2055	4.108000	544.355164
2056	4.110000	543.833252
2057	4.112000	544.349854
2058	4.114000	543.825867
2059	4.116000	542.778442
2060	4.118000	542.003906
2061	4.120000	542.523254
2062	4.122000	542.266174
2063	4.124000	542.540527
2064	4.126000	541.241455
2065	4.128000	540.722534
2066	4.130000	541.241638
2067	4.132000	540.214478
2068	4.134000	539.444580
2069	4.136000	538.925293
2070	4.138000	538.139404
2071	4.140000	537.627075
2072	4.142000	538.153809
2073	4.144000	536.870667
2074	4.146000	537.142578
2075	4.148000	537.657959
2076	4.150000	536.615601
2077	4.152000	537.146851
2078	4.154000	536.635315
2079	4.156000	536.635193
2080	4.158000	537.166321
2081	4.160000	537.173218
2082	4.162000	536.653931
2083	4.164000	536.914490
2084	4.166000	537.696777
2085	4.168000	536.922852
2086	4.170000	537.962036
2087	4.172000	537.692139
2088	4.174000	538.227539
2089	4.176000	538.496277
2090	4.178000	538.509888
2091	4.180000	539.795654
2092	4.182000	539.814331
2093	4.184000	539.025757
2094	4.186000	540.082520
2095	4.188000	539.046570
2096	4.190000	540.067261
2097	4.192000	539.812927
2098	4.194000	540.074829
2099	4.196000	539.829346
2100	4.198000	539.817566
2101	4.200000	539.822021
2102	4.202000	539.562622
2103	4.204000	539.311462
2104	4.206000	539.834717
2105	4.208000	539.574036
2106	4.210000	540.097168
2107	4.212000	539.337158
2108	4.214000	539.322998
2109	4.216000	540.102905
2110	4.218000	539.326172
2111	4.220000	539.329956
2112	4.222000	539.070435
2113	4.224000	538.799866
2114	4.226000	538.544861
2115	4.228000	539.070801
2116	4.230000	538.548279
2117	4.232000	539.080688
2118	4.234000	539.064148
2119	4.236000	539.326233
2120	4.238000	539.330811
2121	4.240000	539.586304
2122	4.242000	540.880249
2123	4.244000	541.411560
2124	4.246000	541.401733
2125	4.248000	542.180664
2126	4.250000	542.704468
2127	4.252000	542.180725
2128	4.254000	541.910278
2129	4.256000	542.704346
2130	4.258000	542.429932
2131	4.260000	542.440430
2132	4.262000	541.897034
2133	4.264000	542.172485
2134	4.266000	541.651489
2135	4.268000	541.906860
2136	4.270000	541.906982
2137	4.272000	542.169495
2138	4.274000	542.685791
2139	4.276000	543.734375
2140	4.278000	542.955139
2141	4.280000	542.694702
2142	4.282000	542.960205
2143	4.284000	542.717712
2144	4.286000	543.233826
2145	4.288000	543.496033
2146	4.290000	543.757080
2147	4.292000	544.546265
2148	4.294000	543.252014
2149	4.296000	543.256104
2150	4.298000	542.483887
2151	4.300000	542.214539
2152	4.302000	542.488464
2153	4.304000	543.527283
2154	4.306000	543.795410
2155	4.308000	544.055847
2156	4.310000	543.801453
2157	4.312000	543.016113
2158	4.314000	542.499023
2159	4.316000	542.239136
2160	4.318000	543.028137
2161	4.320000	543.548889
2162	4.322000	543.293762
2163	4.324000	543.819458
2164	4.326000	543.560913
2165	4.328000	542.786133
2166	4.330000	543.312500
2167	4.332000	543.322449
2168	4.334000	543.051392
2169	4.336000	542.800293
2170	4.338000	543.321350
2171	4.340000	543.065796
2172	4.342000	541.513062
2173	4.344000	541.512329
2174	4.346000	539.957764
2175	4.348000	538.917480
2176	4.350000	539.169189
2177	4.352000	538.652161
2178	4.354000	539.168091
2179	4.356000	538.395020
2180	4.358000	537.621948
2181	4.360000	537.363403
2182	4.362000	537.361877
2183	4.364000	536.850830
2184	4.366000	537.884155
2185	4.368000	537.891541
2186	4.370000	537.625305
2187	4.372000	538.917419
2188	4.374000	538.153687
2189	4.376000	538.928162
2190	4.378000	539.191040
2191	4.380000	539.976013
2192	4.382000	540.228027
2193	4.384000	540.490479
2194	4.386000	539.972290
2195	4.388000	540.490845
2196	4.390000	540.496338
2197	4.392000	540.757507
2198	4.394000	540.236450
2199	4.396000	540.499084
2200	4.398000	540.242249
2201	4.400000	540.504395
2202	4.402000	541.020935
2203	4.404000	541.032776
2204	4.406000	540.767212
2205	4.408000	540.513428
2206	4.410000	541.034363
2207	4.412000	539.993774
2208	4.414000	540.510864
2209	4.416000	539.728027
2210	4.418000	540.263611
2211	4.420000	539.985718
2212	4.422000	539.484070
2213	4.424000	538.699585
2214	4.426000	539.222046
2215	4.428000	538.959900
2216	4.430000	538.961731
2217	4.432000	539.220093
2218	4.434000	539.222107
2219	4.436000	538.960388
2220	4.438000	539.502197
2221	4.440000	538.697876
2222	4.442000	538.956604
2223	4.444000	539.998352
2224	4.446000	539.999268
2225	4.448000	541.572205
2226	4.450000	542.092102
2227	4.452000	543.657654
2228	4.454000	543.394836
2229	4.456000	543.389709
2230	4.458000	543.926880
2231	4.460000	543.141602
2232	4.462000	544.188599
2233	4.464000	544.447205
2234	4.466000	544.447327
2235	4.468000	544.445557
2236	4.470000	544.445618
2237	4.472000	543.662964
2238	4.474000	543.673584
2239	4.476000	543.933228
2240	4.478000	543.925476
2241	4.480000	543.392456
2242	4.482000	543.918823
2243	4.484000	543.138672
2244	4.486000	542.607178
2245	4.488000	542.079834
2246	4.490000	542.342407
2247	4.492000	541.809204
2248	4.494000	542.062439
2249	4.496000	541.549194
2250	4.498000	541.808350
2251	4.500000	541.279053
2252	4.502000	541.532043
2253	4.504000	540.479797
2254	4.506000	539.954163
2255	4.508000	540.466553
2256	4.510000	539.946472
2257	4.512000	539.155396
2258	4.514000	539.414917
2259	4.516000	538.891174
2260	4.518000	538.614258
2261	4.520000	537.562683
2262	4.522000	537.295288
2263	4.524000	538.332703
2264	4.526000	538.068970
2265	4.528000	537.537659
2266	4.530000	538.042725
2267	4.532000	537.767334
2268	4.534000	537.495300
2269	4.536000	537.508362
2270	4.538000	537.496460
2271	4.540000	537.474243
2272	4.542000	537.470520
2273	4.544000	537.467896
2274	4.546000	537.734131
2275	4.548000	537.720093
2276	4.550000	537.705872
2277	4.552000	537.172241
2278	4.554000	537.688782
2279	4.556000	536.903564
2280	4.558000	536.630859
2281	4.560000	536.381470
2282	4.562000	536.362610
2283	4.564000	535.051819
2284	4.566000	534.784912
2285	4.568000	533.736206
2286	4.570000	533.980591
2287	4.572000	534.518066
2288	4.574000	533.201538
2289	4.576000	532.690857
2290	4.578000	533.198608
2291	4.580000	532.165649
2292	4.582000	532.161621
2293	4.584000	531.123901
2294	4.586000	531.385376
2295	4.588000	531.105286
2296	4.590000	531.110413
2297	4.592000	531.375061
2298	4.594000	530.837891
2299	4.596000	531.623352
2300	4.598000	531.366577
2301	4.600000	531.101379
2302	4.602000	531.624146
2303	4.604000	532.137695
2304	4.606000	531.096069
2305	4.608000	532.125488
2306	4.610000	532.113403
2307	4.612000	532.124146
2308	4.614000	533.416260
2309	4.616000	533.149658
2310	4.618000	534.199829
2311	4.620000	533.919556
2312	4.622000	534.951111
2313	4.624000	534.441223
2314	4.626000	535.735474
2315	4.628000	535.477600
2316	4.630000	535.206848
2317	4.632000	535.712341
2318	4.634000	535.707886
2319	4.636000	536.475891
2320	4.638000	536.485657
2321	4.640000	536.737793
2322	4.642000	536.480957
2323	4.644000	536.731445
2324	4.646000	536.736694
2325	4.648000	536.461365
2326	4.650000	536.455139
2327	4.652000	536.202026
2328	4.654000	536.194336
2329	4.656000	537.232605
2330	4.658000	537.236450
2331	4.660000	536.708130
2332	4.662000	537.224915
2333	4.664000	537.477173
2334	4.666000	538.519531
2335	4.668000	537.458618
2336	4.670000	537.977173
2337	4.672000	537.973511
2338	4.674000	537.967957
2339	4.676000	538.229004
2340	4.678000	538.234070
2341	4.680000	538.221252
2342	4.682000	538.225281
2343	4.684000	537.955811
2344	4.686000	538.733154
2345	4.688000	538.994568
2346	4.690000	538.738953
2347	4.692000	539.523499
2348	4.694000	539.263306
2349	4.696000	539.265320
2350	4.698000	540.045471
2351	4.700000	539.003296
2352	4.702000	539.791016
2353	4.704000	539.783752
2354	4.706000	540.561340
2355	4.708000	540.830688
2356	4.710000	541.609375
2357	4.712000	540.048706
2358	4.714000	540.569397
2359	4.716000	540.831177
2360	4.718000	540.060547
2361	4.720000	539.792969
2362	4.722000	540.315735
2363	4.724000	539.277222
2364	4.726000	539.281616
2365	4.728000	540.068848
2366	4.730000	539.020813
2367	4.732000	539.021423
2368	4.734000	539.524048
2369	4.736000	539.270081
2370	4.738000	540.062378
2371	4.740000	540.057251
2372	4.742000	540.315552
2373	4.744000	540.831726
2374	4.746000	540.834656
2375	4.748000	540.836670
2376	4.750000	541.089233
2377	4.752000	541.087524
2378	4.754000	0.000000
2379	4.756000	0.000000
2380	4.758000	0.000000
2381	4.760000	0.000000
2382	4.762000	0.000000
2383	4.764000	0.000000
2384	4.766000	0.000000
2385	4.768000	0.000000
2386	4.770000	0.000000
2387	4.772000	0.000000
2388	4.774000	0.000000
2389	4.776000	0.000000
2390	4.778000	0.000000
2391	4.780000	0.000000
2392	4.782000	0.000000
2393	4.784000	0.000000
2394	4.786000	0.000000
2395	4.788000	0.000000
2396	4.790000	0.000000
2397	4.792000	0.000000
2398	4.794000	0.000000
2399	4.796000	0.000000
2400	4.798000	0.000000
2401	4.800000	0.000000
2402	4.802000	0.000000
2403	4.804000	0.000000
2404	4.806000	0.000000
2405	4.808000	0.000000
2406	4.810000	0.000000
2407	4.812000	0.000000
2408	4.814000	0.000000
2409	4.816000	0.000000
2410	4.818000	0.000000
2411	4.820000	0.000000
2412	4.822000	0.000000